Name,Symbol,Date,Open,High,Low,Close,Adj Close,Volume
Gençlerbirliği Fan Token USD,GBSK-USD,2022-09-20,0.0280959997326135,0.0296989995986223,0.0271519999951124,0.0290419999510049,0.0290419999510049,1523
Gençlerbirliği Fan Token USD,GBSK-USD,2022-09-21,0.0290450006723403,0.030324000865221,0.0252269990742206,0.0252539999783039,0.0252539999783039,540
Gençlerbirliği Fan Token USD,GBSK-USD,2022-09-22,0.0252539999783039,0.0301699992269277,0.0252069998532533,0.0300009995698928,0.0300009995698928,775
Gençlerbirliği Fan Token USD,GBSK-USD,2022-09-23,0.0300009995698928,0.0332980006933212,0.0277219992130994,0.0329510010778903,0.0329510010778903,3774
Gençlerbirliği Fan Token USD,GBSK-USD,2022-09-24,0.0329519994556903,0.0484029985964298,0.0312220007181167,0.0416399985551834,0.0416399985551834,18335
Gençlerbirliği Fan Token USD,GBSK-USD,2022-09-25,0.0416489988565444,0.046034000813961,0.0344530008733272,0.0456609986722469,0.0456609986722469,12417
Gençlerbirliği Fan Token USD,GBSK-USD,2022-09-26,0.0456609986722469,0.0461909994482994,0.0338540002703666,0.0384210012853145,0.0384210012853145,5925
Gençlerbirliği Fan Token USD,GBSK-USD,2022-09-27,0.0383789986371994,0.0419550016522407,0.0317969992756843,0.0359340012073516,0.0359340012073516,1395
Gençlerbirliği Fan Token USD,GBSK-USD,2022-09-28,0.0359099991619586,0.0439309999346733,0.0357800014317035,0.0406409986317157,0.0406409986317157,7004
Gençlerbirliği Fan Token USD,GBSK-USD,2022-09-29,0.0406409986317157,0.0442349985241889,0.0364539995789527,0.0371120013296604,0.0371120013296604,1982
Gençlerbirliği Fan Token USD,GBSK-USD,2022-09-30,0.0371330007910728,0.0410760007798671,0.0315600000321865,0.0386269986629486,0.0386269986629486,8812
Gençlerbirliği Fan Token USD,GBSK-USD,2022-10-01,0.0386569984257221,0.0393630005419254,0.0329600013792514,0.0384400002658367,0.0384400002658367,726
Gençlerbirliği Fan Token USD,GBSK-USD,2022-10-02,0.0384400002658367,0.0418279990553855,0.0344920009374618,0.0374159999191761,0.0374159999191761,1752
Gençlerbirliği Fan Token USD,GBSK-USD,2022-10-03,0.0374159999191761,0.0375690013170242,0.0352470017969608,0.0375539995729923,0.0375539995729923,873
Gençlerbirliği Fan Token USD,GBSK-USD,2022-10-04,0.037551000714302,0.0379070006310939,0.0349069982767105,0.0374599993228912,0.0374599993228912,1138
Gençlerbirliği Fan Token USD,GBSK-USD,2022-10-05,0.0374599993228912,0.0376089997589588,0.0296400003135204,0.0303310006856918,0.0303310006856918,2835
Gençlerbirliği Fan Token USD,GBSK-USD,2022-10-06,0.0303310006856918,0.0333169996738433,0.0303099993616342,0.0327319987118244,0.0327319987118244,8952
Gençlerbirliği Fan Token USD,GBSK-USD,2022-10-07,0.0327319987118244,0.0333920009434223,0.0255229994654655,0.031097000464797,0.031097000464797,11449
Gençlerbirliği Fan Token USD,GBSK-USD,2022-10-08,0.0311079993844032,0.0315289981663227,0.0262679997831583,0.0285689998418092,0.0285689998418092,739
Gençlerbirliği Fan Token USD,GBSK-USD,2022-10-09,0.0285679996013641,0.0298139993101358,0.0245229993015527,0.0246910005807876,0.0246910005807876,3280
Gençlerbirliği Fan Token USD,GBSK-USD,2022-10-10,0.0246910005807876,0.0271550007164478,0.0217279996722936,0.0224840007722377,0.0224840007722377,3709
Gençlerbirliği Fan Token USD,GBSK-USD,2022-10-11,0.022486999630928,0.0231860000640153,0.0190219990909099,0.0192729998379945,0.0192729998379945,1187
Gençlerbirliği Fan Token USD,GBSK-USD,2022-10-12,0.0192740000784397,0.0235840007662773,0.0192729998379945,0.0214409995824098,0.0214409995824098,569
Gençlerbirliği Fan Token USD,GBSK-USD,2022-10-13,0.0214409995824098,0.0228179991245269,0.0180060006678104,0.0192740000784397,0.0192740000784397,20924
Gençlerbirliği Fan Token USD,GBSK-USD,2022-10-14,0.0192729998379945,0.0202699992805719,0.0183240007609128,0.0186749994754791,0.0186749994754791,7040
Gençlerbirliği Fan Token USD,GBSK-USD,2022-10-15,0.0186759997159242,0.0191779993474483,0.0172359999269247,0.0174070000648498,0.0174070000648498,6738
Gençlerbirliği Fan Token USD,GBSK-USD,2022-10-16,0.0174080003052949,0.0179490000009536,0.0170629993081092,0.0175829995423555,0.0175829995423555,2651
Gençlerbirliği Fan Token USD,GBSK-USD,2022-10-17,0.0175989996641874,0.0177699998021125,0.0169549994170665,0.0172269996255636,0.0172269996255636,3082
Gençlerbirliği Fan Token USD,GBSK-USD,2022-10-18,0.0172269996255636,0.0175039991736412,0.0154569996520876,0.0156389996409416,0.0156389996409416,12620
Gençlerbirliği Fan Token USD,GBSK-USD,2022-10-19,0.0156459994614124,0.0160429999232292,0.0145779997110366,0.0147399995476007,0.0147399995476007,8773
Gençlerbirliği Fan Token USD,GBSK-USD,2022-10-20,0.0147399995476007,0.0157500002533197,0.014635999687016,0.0153139997273683,0.0153139997273683,6771
Gençlerbirliği Fan Token USD,GBSK-USD,2022-10-21,0.0153069999068975,0.0154839996248483,0.0149180004373192,0.0151599999517202,0.0151599999517202,3281
Gençlerbirliği Fan Token USD,GBSK-USD,2022-10-22,0.0151599999517202,0.0154520003125071,0.0149379996582865,0.0153940003365278,0.0153940003365278,3198
Gençlerbirliği Fan Token USD,GBSK-USD,2022-10-23,0.0153940003365278,0.0154360001906752,0.0145199997350573,0.0148940002545714,0.0148940002545714,3766
Gençlerbirliği Fan Token USD,GBSK-USD,2022-10-24,0.0148940002545714,0.0163630004972219,0.0145020000636577,0.0151199996471405,0.0151199996471405,3075
Gençlerbirliği Fan Token USD,GBSK-USD,2022-10-25,0.0151199996471405,0.0153400003910064,0.0142980003729462,0.0143600003793835,0.0143600003793835,289
Gençlerbirliği Fan Token USD,GBSK-USD,2022-10-26,0.0143600003793835,0.0151509996503591,0.0143179995939135,0.0150880003347992,0.0150880003347992,5910
Gençlerbirliği Fan Token USD,GBSK-USD,2022-10-27,0.0150880003347992,0.0156049998477101,0.0135249998420476,0.0138119999319314,0.0138119999319314,11101
Gençlerbirliği Fan Token USD,GBSK-USD,2022-10-28,0.0138130001723766,0.0147470002993941,0.012972000055015,0.012972000055015,0.012972000055015,10523
Gençlerbirliği Fan Token USD,GBSK-USD,2022-10-29,0.0129789998754858,0.0164989996701478,0.0122699998319149,0.0139549998566508,0.0139549998566508,11746
Gençlerbirliği Fan Token USD,GBSK-USD,2022-10-30,0.0139549998566508,0.0140949999913573,0.0123159997165203,0.0128140002489089,0.0128140002489089,1010
Gençlerbirliği Fan Token USD,GBSK-USD,2022-10-31,0.0128140002489089,0.0136129995808005,0.0127140004187822,0.0133170001208782,0.0133170001208782,414
Gençlerbirliği Fan Token USD,GBSK-USD,2022-11-01,0.0133140003308653,0.0143039999529719,0.013234999962151,0.0141500001773238,0.0141500001773238,1173
Gençlerbirliği Fan Token USD,GBSK-USD,2022-11-02,0.0141359996050596,0.0142890000715851,0.0126930000260472,0.0133750000968575,0.0133750000968575,2664
Gençlerbirliği Fan Token USD,GBSK-USD,2022-11-03,0.0133750000968575,0.0141930002719163,0.0133520001545548,0.0141289997845888,0.0141289997845888,421
Gençlerbirliği Fan Token USD,GBSK-USD,2022-11-04,0.0141289997845888,0.0147360004484653,0.0140909999608993,0.0144050000235438,0.0144050000235438,120
Gençlerbirliği Fan Token USD,GBSK-USD,2022-11-05,0.0144029995426535,0.0144109996035695,0.014220000244677,0.0143170002847909,0.0143170002847909,120
Gençlerbirliği Fan Token USD,GBSK-USD,2022-11-06,0.0143170002847909,0.0148740001022815,0.0130749996751546,0.0134100001305341,0.0134100001305341,1168
Gençlerbirliği Fan Token USD,GBSK-USD,2022-11-07,0.013404999859631,0.0144509999081492,0.0129680000245571,0.0139929996803402,0.0139929996803402,907
Gençlerbirliği Fan Token USD,GBSK-USD,2022-11-08,0.0139840003103017,0.014113999903202,0.0118100000545382,0.0118119996041059,0.0118119996041059,200
Gençlerbirliği Fan Token USD,GBSK-USD,2022-11-09,0.0118119996041059,0.0120270000770688,0.0090129999443888,0.0108460001647472,0.0108460001647472,639
Gençlerbirliği Fan Token USD,GBSK-USD,2022-11-10,0.0108460001647472,0.0115959998220205,0.0089220004156231,0.011125000193715,0.011125000193715,864
Gençlerbirliği Fan Token USD,GBSK-USD,2022-11-11,0.011125000193715,0.0113260000944137,0.0093250004574656,0.0098360003903508,0.0098360003903508,21
Gençlerbirliği Fan Token USD,GBSK-USD,2022-11-12,0.0098369996994733,0.0108390003442764,0.0089159999042749,0.0107540003955364,0.0107540003955364,91
Gençlerbirliği Fan Token USD,GBSK-USD,2022-11-13,0.0107540003955364,0.0109409997239708,0.0084690004587173,0.0091920001432299,0.0091920001432299,308
Gençlerbirliği Fan Token USD,GBSK-USD,2022-11-14,0.0091920001432299,0.0097270002588629,0.0089910002425313,0.0091310003772377,0.0091310003772377,183
Gençlerbirliği Fan Token USD,GBSK-USD,2022-11-15,0.0091319996863603,0.0097559997811913,0.0075329998508095,0.0094739999622106,0.0094739999622106,7
Gençlerbirliği Fan Token USD,GBSK-USD,2022-11-16,0.0094739999622106,0.0101450001820921,0.0089060002937912,0.009417999535799,0.009417999535799,261
Gençlerbirliği Fan Token USD,GBSK-USD,2022-11-17,0.0094210002571344,0.0098879998549819,0.0090929996222257,0.0098460000008344,0.0098460000008344,100
Gençlerbirliği Fan Token USD,GBSK-USD,2022-11-18,0.0098460000008344,0.010165000334382,0.0093560004606843,0.009371000342071,0.009371000342071,113
Gençlerbirliği Fan Token USD,GBSK-USD,2022-11-19,0.0093729998916387,0.0100210001692175,0.009108000434935,0.0096640000119805,0.0096640000119805,20
Gençlerbirliği Fan Token USD,GBSK-USD,2022-11-20,0.0096640000119805,0.0096819996833801,0.0080669997259974,0.0083729997277259,0.0083729997277259,257
Gençlerbirliği Fan Token USD,GBSK-USD,2022-11-21,0.0083760004490613,0.0093149999156594,0.0081010004505515,0.0091409999877214,0.0091409999877214,779
Gençlerbirliği Fan Token USD,GBSK-USD,2022-11-22,0.0091409999877214,0.0092780003324151,0.0068459999747574,0.0081120003014802,0.0081120003014802,72
Gençlerbirliği Fan Token USD,GBSK-USD,2022-11-23,0.0081120003014802,0.0086160004138946,0.0079870000481605,0.0082630002871155,0.0082630002871155,68
Gençlerbirliği Fan Token USD,GBSK-USD,2022-11-24,0.0082639995962381,0.0084990002214908,0.0081080002710223,0.0082250004634261,0.0082250004634261,59
Gençlerbirliği Fan Token USD,GBSK-USD,2022-11-25,0.0082250004634261,0.0087150000035762,0.0068419999442994,0.007757999934256,0.007757999934256,37
Gençlerbirliği Fan Token USD,GBSK-USD,2022-11-26,0.0077570001594722,0.0078959995880723,0.0059930002316832,0.0060149999335408,0.0060149999335408,62
Gençlerbirliği Fan Token USD,GBSK-USD,2022-11-27,0.0060169999487698,0.0071510002017021,0.0056779999285936,0.0056779999285936,0.0056779999285936,1088
Gençlerbirliği Fan Token USD,GBSK-USD,2022-11-28,0.0056790001690387,0.0067059998400509,0.0054919999092817,0.0062000001780688,0.0062000001780688,442
Gençlerbirliği Fan Token USD,GBSK-USD,2022-11-29,0.0061989999376237,0.0062020001932978,0.0054449997842311,0.0054600001312792,0.0054600001312792,136
Gençlerbirliği Fan Token USD,GBSK-USD,2022-11-30,0.0054600001312792,0.0067420001141726,0.0054310001432895,0.0063959998078644,0.0063959998078644,15
Gençlerbirliği Fan Token USD,GBSK-USD,2022-12-01,0.0063959998078644,0.006450000219047,0.0062130000442266,0.0062979999929666,0.0062979999929666,15
Gençlerbirliği Fan Token USD,GBSK-USD,2022-12-02,0.0062979999929666,0.0063289999961853,0.0052760001271963,0.0055169998668134,0.0055169998668134,533
Gençlerbirliği Fan Token USD,GBSK-USD,2022-12-03,0.0055160000920295,0.0060310000553727,0.0055140000768005,0.005557999946177,0.005557999946177,15
Gençlerbirliği Fan Token USD,GBSK-USD,2022-12-04,0.005557999946177,0.006004000082612,0.0053099999204277,0.0054440000094473,0.0054440000094473,179
Gençlerbirliği Fan Token USD,GBSK-USD,2022-12-05,0.0054440000094473,0.0059250001795589,0.0052880002185702,0.0057339998893439,0.0057339998893439,199
Gençlerbirliği Fan Token USD,GBSK-USD,2022-12-06,0.0057330001145601,0.0058229998685419,0.0038129999302327,0.0042030001059174,0.0042030001059174,825
Gençlerbirliği Fan Token USD,GBSK-USD,2022-12-07,0.0042030001059174,0.0042500002309679,0.0037459998857229,0.0041780001483857,0.0041780001483857,297
Gençlerbirliği Fan Token USD,GBSK-USD,2022-12-08,0.0041780001483857,0.0042530000209808,0.0041069998405873,0.0042309998534619,0.0042309998534619,306
Gençlerbirliği Fan Token USD,GBSK-USD,2022-12-09,0.0042309998534619,0.0043700002133846,0.0026819999329745,0.0041959998197853,0.0041959998197853,301
Gençlerbirliği Fan Token USD,GBSK-USD,2022-12-10,0.0041959998197853,0.0053940000943839,0.0036259999033063,0.0052310000173747,0.0052310000173747,569
Gençlerbirliği Fan Token USD,GBSK-USD,2022-12-11,0.0052310000173747,0.0053599998354911,0.0046040001325309,0.0052299997769296,0.0052299997769296,55
Gençlerbirliği Fan Token USD,GBSK-USD,2022-12-12,0.0052299997769296,0.0053440001793205,0.0048270002007484,0.0048830001614987,0.0048830001614987,121
Gençlerbirliği Fan Token USD,GBSK-USD,2022-12-13,0.0048839999362826,0.0051779998466372,0.004412000067532,0.0051640002056956,0.0051640002056956,272
Gençlerbirliği Fan Token USD,GBSK-USD,2022-12-14,0.0051629999652504,0.0056770001538097,0.0048929997719824,0.0053949998691678,0.0053949998691678,181
Gençlerbirliği Fan Token USD,GBSK-USD,2022-12-15,0.0053949998691678,0.0054399999789893,0.0053030000999569,0.0053570000454783,0.0053570000454783,179
Gençlerbirliği Fan Token USD,GBSK-USD,2022-12-16,0.0053570000454783,0.0060140001587569,0.0050470000132918,0.0050820000469684,0.0050820000469684,2579
Gençlerbirliği Fan Token USD,GBSK-USD,2022-12-17,0.0050800000317394,0.0053099999204277,0.0049069998785853,0.0051609999500215,0.0051609999500215,40
Gençlerbirliği Fan Token USD,GBSK-USD,2022-12-18,0.0051609999500215,0.0053619998507201,0.0047749998047947,0.0048560001887381,0.0048560001887381,19
Gençlerbirliği Fan Token USD,GBSK-USD,2022-12-19,0.004858000203967,0.0059529999271035,0.0043979999609291,0.0058579999022185,0.0058579999022185,9347
Gençlerbirliği Fan Token USD,GBSK-USD,2022-12-20,0.0058579999022185,0.0061249998398125,0.0058499998413026,0.0061099999584257,0.0061099999584257,9116
Gençlerbirliği Fan Token USD,GBSK-USD,2022-12-21,0.0061099999584257,0.0066450000740587,0.0060430001467466,0.0064210002310574,0.0064210002310574,13496
Gençlerbirliği Fan Token USD,GBSK-USD,2022-12-22,0.0064220000058412,0.0065819998271763,0.0063930000178515,0.0065489998087286,0.0065489998087286,9236
Gençlerbirliği Fan Token USD,GBSK-USD,2022-12-23,0.0065529998391866,0.0072770002298057,0.0065150000154972,0.0072479997761547,0.0072479997761547,14386
Gençlerbirliği Fan Token USD,GBSK-USD,2022-12-24,0.0072479997761547,0.0077720000408589,0.0071879997849464,0.0074669998139142,0.0074669998139142,15067
Gençlerbirliği Fan Token USD,GBSK-USD,2022-12-25,0.0074660000391304,0.0075289998203516,0.007060999982059,0.007246000226587,0.007246000226587,14504
Gençlerbirliği Fan Token USD,GBSK-USD,2022-12-26,0.007244000211358,0.0073600001633167,0.0071769999340176,0.0072119999676942,0.0072119999676942,14232
Gençlerbirliği Fan Token USD,GBSK-USD,2022-12-27,0.0072150002233684,0.0078349998220801,0.0071820002049207,0.0077990000136196,0.0077990000136196,15543
Gençlerbirliği Fan Token USD,GBSK-USD,2022-12-28,0.0077999997884035,0.0079460004344582,0.0073719997890293,0.0074280002154409,0.0074280002154409,13674
Gençlerbirliği Fan Token USD,GBSK-USD,2022-12-29,0.0074280002154409,0.0074609997682273,0.0050630001351237,0.0056469999253749,0.0056469999253749,12448
Gençlerbirliği Fan Token USD,GBSK-USD,2022-12-30,0.0056469999253749,0.0059560001827776,0.0049169999547302,0.0051489998586475,0.0051489998586475,9554
Gençlerbirliği Fan Token USD,GBSK-USD,2022-12-31,0.0051480000838637,0.0061579998582601,0.0048259999603033,0.0055599999614059,0.0055599999614059,9919
Gençlerbirliği Fan Token USD,GBSK-USD,2023-01-01,0.0055590001866221,0.0057520000264048,0.0053229997865855,0.0053460001945495,0.0053460001945495,8403
Gençlerbirliği Fan Token USD,GBSK-USD,2023-01-02,0.0053460001945495,0.0064190002158284,0.0053249998018145,0.005998000036925,0.005998000036925,10313
Gençlerbirliği Fan Token USD,GBSK-USD,2023-01-03,0.005998000036925,0.0064229997806251,0.0054600001312792,0.0060859997756779,0.0060859997756779,10474
Gençlerbirliği Fan Token USD,GBSK-USD,2023-01-04,0.0060859997756779,0.0063350000418722,0.0057999999262392,0.0060299998149275,0.0060299998149275,8555
Gençlerbirliği Fan Token USD,GBSK-USD,2023-01-05,0.0060299998149275,0.0061630001291632,0.0057720001786947,0.005911000072956,0.005911000072956,17076
Gençlerbirliği Fan Token USD,GBSK-USD,2023-01-06,0.0059119998477399,0.0059839999303221,0.0057649998925626,0.0058709997683763,0.0058709997683763,26221
Gençlerbirliği Fan Token USD,GBSK-USD,2023-01-07,0.0058709997683763,0.0063029997982084,0.0058100000023841,0.0061320001259446,0.0061320001259446,28067
Gençlerbirliği Fan Token USD,GBSK-USD,2023-01-08,0.0061329999007284,0.0065930001437664,0.006004000082612,0.0064550000242888,0.0064550000242888,26737
Gençlerbirliği Fan Token USD,GBSK-USD,2023-01-09,0.0064559997990727,0.006539000198245,0.0061160000041127,0.0061849998310208,0.0061849998310208,37910
Gençlerbirliği Fan Token USD,GBSK-USD,2023-01-10,0.0061849998310208,0.0064170002005994,0.006095000077039,0.0063180001452565,0.0063180001452565,39295
Gençlerbirliği Fan Token USD,GBSK-USD,2023-01-11,0.0063180001452565,0.0063900002278387,0.0062049999833106,0.006266999989748,0.006266999989748,25375
Gençlerbirliği Fan Token USD,GBSK-USD,2023-01-12,0.0062440000474452,0.0069729997776448,0.0061869998462498,0.0069149998016655,0.0069149998016655,14381
Gençlerbirliği Fan Token USD,GBSK-USD,2023-01-13,0.0069160000421106,0.0070659997873008,0.0064469999633729,0.0067159999161958,0.0067159999161958,12690
Gençlerbirliği Fan Token USD,GBSK-USD,2023-01-14,0.0067159999161958,0.0068299998529255,0.006539000198245,0.0066570001654326,0.0066570001654326,3583
Gençlerbirliği Fan Token USD,GBSK-USD,2023-01-15,0.0066579999402165,0.0069309999234974,0.0065790000371634,0.006794000044465,0.006794000044465,4457
Gençlerbirliği Fan Token USD,GBSK-USD,2023-01-16,0.006794000044465,0.0073009999468922,0.0057020001113414,0.0070560001768171,0.0070560001768171,17056
Gençlerbirliği Fan Token USD,GBSK-USD,2023-01-17,0.007056999951601,0.0073739998042583,0.0068450001999735,0.0073299999348819,0.0073299999348819,20833
Gençlerbirliği Fan Token USD,GBSK-USD,2023-01-18,0.0073299999348819,0.0076339999213814,0.0068199997767806,0.0071689998731017,0.0071689998731017,19179
Gençlerbirliği Fan Token USD,GBSK-USD,2023-01-19,0.0071689998731017,0.0073790000751614,0.0070960000157356,0.0072889998555183,0.0072889998555183,20824
Gençlerbirliği Fan Token USD,GBSK-USD,2023-01-20,0.0072880000807344,0.0074269999749958,0.007218999788165,0.0073950001969933,0.0073950001969933,16107
Gençlerbirliği Fan Token USD,GBSK-USD,2023-01-21,0.0073970002122223,0.0074889999814331,0.0072559998370707,0.0073640001937747,0.0073640001937747,22282
Gençlerbirliği Fan Token USD,GBSK-USD,2023-01-22,0.0073640001937747,0.0077229999005794,0.0073279999196529,0.0075730001553893,0.0075730001553893,22047
Gençlerbirliği Fan Token USD,GBSK-USD,2023-01-23,0.0075739999301731,0.0075929998420178,0.007224999833852,0.0073069999925792,0.0073069999925792,23952
Gençlerbirliği Fan Token USD,GBSK-USD,2023-01-24,0.0073069999925792,0.0075779999606311,0.007137999869883,0.0075039998628199,0.0075039998628199,23880
Gençlerbirliği Fan Token USD,GBSK-USD,2023-01-25,0.007505000103265,0.0076799998059868,0.0072240000590682,0.0073540001176297,0.0073540001176297,23417
Gençlerbirliği Fan Token USD,GBSK-USD,2023-01-26,0.0073540001176297,0.0074499999172985,0.0072730001993477,0.0073469998314976,0.0073469998314976,23318
Gençlerbirliği Fan Token USD,GBSK-USD,2023-01-27,0.0073469998314976,0.0074280002154409,0.0071700001135468,0.0073040002025663,0.0073040002025663,23718
Gençlerbirliği Fan Token USD,GBSK-USD,2023-01-28,0.0073040002025663,0.0074129998683929,0.0069729997776448,0.0070819999091327,0.0070819999091327,22815
Gençlerbirliği Fan Token USD,GBSK-USD,2023-01-29,0.0070819999091327,0.0074559999629855,0.0070099998265504,0.0073759998194873,0.0073759998194873,23818
Gençlerbirliği Fan Token USD,GBSK-USD,2023-01-30,0.0073759998194873,0.0074570002034306,0.0070159998722374,0.0071890000253915,0.0071890000253915,22631
Gençlerbirliği Fan Token USD,GBSK-USD,2023-01-31,0.0071870000101625,0.0072889998555183,0.0070879999548196,0.0071510002017021,0.0071510002017021,23112
Gençlerbirliği Fan Token USD,GBSK-USD,2023-02-01,0.0071519999764859,0.007850999943912,0.0070969997905194,0.0077169998548924,0.0077169998548924,23988
Gençlerbirliği Fan Token USD,GBSK-USD,2023-02-02,0.0077200001105666,0.0082219997420907,0.0076979999430477,0.0080829998478293,0.0080829998478293,24522
Gençlerbirliği Fan Token USD,GBSK-USD,2023-02-03,0.0080829998478293,0.0088740000501275,0.0079859998077154,0.0085549997165799,0.0085549997165799,28531
Gençlerbirliği Fan Token USD,GBSK-USD,2023-02-04,0.0085549997165799,0.0088640004396438,0.0081799998879432,0.008314000442624,0.008314000442624,27215
Gençlerbirliği Fan Token USD,GBSK-USD,2023-02-05,0.008314000442624,0.008585000410676,0.0082360003143548,0.0082449996843934,0.0082449996843934,26287
Gençlerbirliği Fan Token USD,GBSK-USD,2023-02-06,0.0082440003752708,0.0085370000451803,0.0080859996378421,0.0084530003368854,0.0084530003368854,25703
Gençlerbirliği Fan Token USD,GBSK-USD,2023-02-07,0.0084530003368854,0.00849200040102,0.0081679997965693,0.0082360003143548,0.0082360003143548,26566
Gençlerbirliği Fan Token USD,GBSK-USD,2023-02-08,0.0082360003143548,0.0083119999617338,0.0080789998173713,0.0081449998542666,0.0081449998542666,26390
Gençlerbirliği Fan Token USD,GBSK-USD,2023-02-09,0.0081449998542666,0.0082639995962381,0.0080920001491904,0.0081780003383755,0.0081780003383755,26283
Gençlerbirliği Fan Token USD,GBSK-USD,2023-02-10,0.0081789996474981,0.0082099996507167,0.007953000254929,0.008020999841392,0.008020999841392,25666
Gençlerbirliği Fan Token USD,GBSK-USD,2023-02-11,0.0080220000818371,0.0081320004537701,0.0079340003430843,0.0079819997772574,0.0079819997772574,19758
Gençlerbirliği Fan Token USD,GBSK-USD,2023-02-12,0.0079830000177025,0.0080559998750686,0.007876000367105,0.0079389996826648,0.0079389996826648,17548
Gençlerbirliği Fan Token USD,GBSK-USD,2023-02-13,0.0079389996826648,0.0080479998141527,0.0077459998428821,0.0077990000136196,0.0077990000136196,25208
Gençlerbirliği Fan Token USD,GBSK-USD,2023-02-14,0.0077969999983906,0.0078859999775886,0.0076190000399947,0.0076549998484551,0.0076549998484551,24785
Gençlerbirliği Fan Token USD,GBSK-USD,2023-02-15,0.0076560000889003,0.0082620000466704,0.0074939997866749,0.0081989997997879,0.0081989997997879,28284
Gençlerbirliği Fan Token USD,GBSK-USD,2023-02-16,0.0081979995593428,0.0085439998656511,0.0070420000702142,0.0070699998177587,0.0070699998177587,22572
Gençlerbirliği Fan Token USD,GBSK-USD,2023-02-17,0.0070670000277459,0.007335000205785,0.0070670000277459,0.0072809997946023,0.0072809997946023,21960
Gençlerbirliği Fan Token USD,GBSK-USD,2023-02-18,0.0072809997946023,0.0078499997034668,0.0072809997946023,0.0078180003911256,0.0078180003911256,21510
Gençlerbirliği Fan Token USD,GBSK-USD,2023-02-19,0.0078180003911256,0.0078499997034668,0.0076219998300075,0.0076279998756945,0.0076279998756945,21366
Gençlerbirliği Fan Token USD,GBSK-USD,2023-02-20,0.0076279998756945,0.0076859998516738,0.0074680000543594,0.0075059998780488,0.0075059998780488,18875
Gençlerbirliği Fan Token USD,GBSK-USD,2023-02-21,0.0075059998780488,0.0075779999606311,0.0073299999348819,0.0074729998596012,0.0074729998596012,19428
Gençlerbirliği Fan Token USD,GBSK-USD,2023-02-22,0.0074729998596012,0.0076139997690916,0.0074570002034306,0.0075980001129209,0.0075980001129209,21250
Gençlerbirliği Fan Token USD,GBSK-USD,2023-02-23,0.0075980001129209,0.008466999977827,0.0074570002034306,0.0082059996202588,0.0082059996202588,23347
Gençlerbirliği Fan Token USD,GBSK-USD,2023-02-24,0.0082069998607039,0.0089630000293254,0.0081789996474981,0.0087869996204972,0.0087869996204972,23202
Gençlerbirliği Fan Token USD,GBSK-USD,2023-02-25,0.0087879998609423,0.0088499998673796,0.0084610003978014,0.00853499956429,0.00853499956429,23231
Gençlerbirliği Fan Token USD,GBSK-USD,2023-02-26,0.00853499956429,0.0089800003916025,0.0084610003978014,0.0089520001783967,0.0089520001783967,25137
Gençlerbirliği Fan Token USD,GBSK-USD,2023-02-27,0.0089520001783967,0.0089520001783967,0.0086770001798868,0.0087040001526474,0.0087040001526474,24431
Gençlerbirliği Fan Token USD,GBSK-USD,2023-02-28,0.0087040001526474,0.0088369995355606,0.0081810001283884,0.0084520000964403,0.0084520000964403,24025
Gençlerbirliği Fan Token USD,GBSK-USD,2023-03-01,0.0084509998559951,0.0087519995868206,0.0083809997886419,0.0084509998559951,0.0084509998559951,22710
Gençlerbirliği Fan Token USD,GBSK-USD,2023-03-02,0.0084509998559951,0.0085249999538064,0.008377999998629,0.0084469998255372,0.0084469998255372,16603
Gençlerbirliği Fan Token USD,GBSK-USD,2023-03-03,0.0084469998255372,0.0087559996172785,0.0083910003304481,0.0084440000355243,0.0084440000355243,23935
Gençlerbirliği Fan Token USD,GBSK-USD,2023-03-04,0.0084440000355243,0.0085629997774958,0.0079739997163414,0.0079899998381733,0.0079899998381733,22127
Gençlerbirliği Fan Token USD,GBSK-USD,2023-03-05,0.0079899998381733,0.0081280004233121,0.0072490000165998,0.0072980001568794,0.0072980001568794,21197
Gençlerbirliği Fan Token USD,GBSK-USD,2023-03-06,0.0072980001568794,0.0073879999108612,0.0064860000275075,0.0070219999179244,0.0070219999179244,19998
Gençlerbirliği Fan Token USD,GBSK-USD,2023-03-07,0.0070219999179244,0.0071299998089671,0.0067010000348091,0.0067489999346435,0.0067489999346435,19129
Gençlerbirliği Fan Token USD,GBSK-USD,2023-03-08,0.0067489999346435,0.0068339998833835,0.0060120001435279,0.0060490001924335,0.0060490001924335,17408
Gençlerbirliği Fan Token USD,GBSK-USD,2023-03-09,0.0060490001924335,0.0060970000922679,0.0056770001538097,0.0059540001675486,0.0059540001675486,16593
Gençlerbirliği Fan Token USD,GBSK-USD,2023-03-10,0.0059540001675486,0.00600800011307,0.0057419999502599,0.0058369999751448,0.0058369999751448,15066
Gençlerbirliği Fan Token USD,GBSK-USD,2023-03-11,0.0058369999751448,0.0058709997683763,0.005739000160247,0.0058599999174475,0.0058599999174475,16242
Gençlerbirliği Fan Token USD,GBSK-USD,2023-03-12,0.0058599999174475,0.0058709997683763,0.0058450000360608,0.0058499998413026,0.0058499998413026,14742
Gençlerbirliği Fan Token USD,GBSK-USD,2023-03-13,0.0058510000817477,0.0061570000834763,0.0058349999599158,0.0060660000890493,0.0060660000890493,14302
Gençlerbirliği Fan Token USD,GBSK-USD,2023-03-14,0.0060660000890493,0.0061090001836419,0.0060339998453855,0.0060519999824464,0.0060519999824464,9433
Gençlerbirliği Fan Token USD,GBSK-USD,2023-03-15,0.0060519999824464,0.0060919998213648,0.0058769998140633,0.0059340000152587,0.0059340000152587,9718
Gençlerbirliği Fan Token USD,GBSK-USD,2023-03-16,0.0059340000152587,0.0059870001859962,0.0056199999526143,0.0057930001057684,0.0057930001057684,8157
Gençlerbirliği Fan Token USD,GBSK-USD,2023-03-17,0.0057919998653233,0.0058570001274347,0.0057919998653233,0.0058530000969767,0.0058530000969767,5816
Gençlerbirliği Fan Token USD,GBSK-USD,2023-03-18,0.0058530000969767,0.0058530000969767,0.0057990001514554,0.0058200000785291,0.0058200000785291,10919
Gençlerbirliği Fan Token USD,GBSK-USD,2023-03-19,0.0058200000785291,0.0058530000969767,0.0058039999566972,0.0058479998260736,0.0058479998260736,9417
Gençlerbirliği Fan Token USD,GBSK-USD,2023-03-20,0.0058479998260736,0.0058579999022185,0.0057839998044073,0.0057839998044073,0.0057839998044073,8130
Gençlerbirliği Fan Token USD,GBSK-USD,2023-03-21,0.0057839998044073,0.0058519998565316,0.0056710001081228,0.0056839999742805,0.0056839999742805,8958
Gençlerbirliği Fan Token USD,GBSK-USD,2023-03-22,0.0056830001994967,0.0057789999991655,0.0056670000776648,0.0057439999654889,0.0057439999654889,17182
Gençlerbirliği Fan Token USD,GBSK-USD,2023-03-23,0.0057439999654889,0.0059739998541772,0.0056699998676776,0.0059369998052716,0.0059369998052716,14607
Gençlerbirliği Fan Token USD,GBSK-USD,2023-03-24,0.0059369998052716,0.0062939999625086,0.0058499998413026,0.0062520001083612,0.0062520001083612,9574
Gençlerbirliği Fan Token USD,GBSK-USD,2023-03-25,0.0062520001083612,0.006351999938488,0.0060999998822808,0.0062620001845061,0.0062620001845061,18441
Gençlerbirliği Fan Token USD,GBSK-USD,2023-03-26,0.0062620001845061,0.0082959998399019,0.0058780000545084,0.0064920000731945,0.0064920000731945,14976
Gençlerbirliği Fan Token USD,GBSK-USD,2023-03-27,0.0064920000731945,0.0068089999258518,0.0063840001821517,0.0067250002175569,0.0067250002175569,10473
Gençlerbirliği Fan Token USD,GBSK-USD,2023-03-28,0.0067259999923408,0.0067449999041855,0.0065680001862347,0.0066140000708401,0.0066140000708401,4896
Gençlerbirliği Fan Token USD,GBSK-USD,2023-03-29,0.0066140000708401,0.0066530001349747,0.0061160000041127,0.0062259999103844,0.0062259999103844,10979
Gençlerbirliği Fan Token USD,GBSK-USD,2023-03-30,0.0062270001508295,0.0062859999015927,0.0060379998758435,0.0061269998550415,0.0061269998550415,8241
Gençlerbirliği Fan Token USD,GBSK-USD,2023-03-31,0.0061269998550415,0.0061479997821152,0.0057190000079572,0.0058920001611113,0.0058920001611113,10909
Gençlerbirliği Fan Token USD,GBSK-USD,2023-04-01,0.0058920001611113,0.0058980002067983,0.0057250000536441,0.0058140000328421,0.0058140000328421,11528
Gençlerbirliği Fan Token USD,GBSK-USD,2023-04-02,0.0057930001057684,0.0058349999599158,0.0055280001834034,0.0055359997786581,0.0055359997786581,9257
Gençlerbirliği Fan Token USD,GBSK-USD,2023-04-03,0.0055329999886453,0.0055800001136958,0.0051549999043345,0.0052499999292194,0.0052499999292194,7430
Gençlerbirliği Fan Token USD,GBSK-USD,2023-04-04,0.0052499999292194,0.0053039998747408,0.0046319998800754,0.0047550001181662,0.0047550001181662,33460
Gençlerbirliği Fan Token USD,GBSK-USD,2023-04-05,0.0047550001181662,0.0053159999661147,0.0047030001878738,0.0053050001151859,0.0053050001151859,10501
Gençlerbirliği Fan Token USD,GBSK-USD,2023-04-06,0.0053050001151859,0.0060279997996985,0.004848999902606,0.0054560001008212,0.0054560001008212,10542
Gençlerbirliği Fan Token USD,GBSK-USD,2023-04-07,0.0054560001008212,0.0054660001769661,0.005373999942094,0.00538200000301,0.00538200000301,9251
Gençlerbirliği Fan Token USD,GBSK-USD,2023-04-08,0.00538200000301,0.005464999936521,0.0051380000077188,0.0052729998715221,0.0052729998715221,9109
Gençlerbirliği Fan Token USD,GBSK-USD,2023-04-09,0.0052729998715221,0.0060749999247491,0.0051380000077188,0.0055660000070929,0.0055660000070929,10299
Gençlerbirliği Fan Token USD,GBSK-USD,2023-04-10,0.0055660000070929,0.0062159998342394,0.0054020001552999,0.0062049999833106,0.0062049999833106,11505
Gençlerbirliği Fan Token USD,GBSK-USD,2023-04-11,0.0062049999833106,0.007420000154525,0.0061789997853338,0.0072320001199841,0.0072320001199841,13768
Gençlerbirliği Fan Token USD,GBSK-USD,2023-04-12,0.0072320001199841,0.0085429996252059,0.0057580000720918,0.0070600002072751,0.0070600002072751,93256
Gençlerbirliği Fan Token USD,GBSK-USD,2023-04-13,0.0068700001575052,0.0076290001161396,0.0068700001575052,0.0075469999574124,0.0075469999574124,116173
Gençlerbirliği Fan Token USD,GBSK-USD,2023-04-14,0.0075469999574124,0.0081289997324347,0.0059179998934268,0.0066430000588297,0.0066430000588297,138257
Gençlerbirliği Fan Token USD,GBSK-USD,2023-04-15,0.0066430000588297,0.0067230002023279,0.0063709998503327,0.0064260000362992,0.0064260000362992,13886
Gençlerbirliği Fan Token USD,GBSK-USD,2023-04-16,0.0064260000362992,0.0076359999366104,0.0063740001060068,0.0076359999366104,0.0076359999366104,16573
Gençlerbirliği Fan Token USD,GBSK-USD,2023-04-17,0.0076359999366104,0.0077129998244345,0.0068379999138414,0.0069309999234974,0.0069309999234974,12694
Gençlerbirliği Fan Token USD,GBSK-USD,2023-04-18,0.0069309999234974,0.0074669998139142,0.0066479998640716,0.0067790001630783,0.0067790001630783,14195
Gençlerbirliği Fan Token USD,GBSK-USD,2023-04-19,0.0067790001630783,0.0088919997215271,0.0066490001045167,0.0074649997986853,0.0074649997986853,20839
Gençlerbirliği Fan Token USD,GBSK-USD,2023-04-20,0.0074649997986853,0.0084309997037053,0.0067830001935362,0.008220000192523,0.008220000192523,121964
Gençlerbirliği Fan Token USD,GBSK-USD,2023-04-21,0.0082189999520778,0.0134330000728368,0.0075340000912547,0.0098050003871321,0.0098050003871321,47778
Gençlerbirliği Fan Token USD,GBSK-USD,2023-04-22,0.0098050003871321,0.0139539996162056,0.0092169996351003,0.0107770003378391,0.0107770003378391,42876
Gençlerbirliği Fan Token USD,GBSK-USD,2023-04-23,0.0107770003378391,0.0133910002186894,0.0097519997507333,0.0100849997252225,0.0100849997252225,14320
Gençlerbirliği Fan Token USD,GBSK-USD,2023-04-24,0.0100849997252225,0.0105889998376369,0.0091319996863603,0.009375000372529,0.009375000372529,18853
Gençlerbirliği Fan Token USD,GBSK-USD,2023-04-25,0.009375000372529,0.0098280003294348,0.0092350002378225,0.0095579996705055,0.0095579996705055,58435
Gençlerbirliği Fan Token USD,GBSK-USD,2023-04-26,0.0095579996705055,0.0097059998661279,0.0093620000407099,0.0097059998661279,0.0097059998661279,11610
Gençlerbirliği Fan Token USD,GBSK-USD,2023-04-27,0.0097059998661279,0.010572999715805,0.0091089997440576,0.0101039996370673,0.0101039996370673,12442
Gençlerbirliği Fan Token USD,GBSK-USD,2023-04-28,0.0101039996370673,0.0101039996370673,0.0088569996878504,0.0093270000070333,0.0093270000070333,4278
Gençlerbirliği Fan Token USD,GBSK-USD,2023-04-29,0.0093270000070333,0.0094400001689791,0.0082419998943805,0.0083699999377131,0.0083699999377131,4342
Gençlerbirliği Fan Token USD,GBSK-USD,2023-04-30,0.0083699999377131,0.0090539995580911,0.00836499966681,0.0088510001078248,0.0088510001078248,14094
Gençlerbirliği Fan Token USD,GBSK-USD,2023-05-01,0.0088510001078248,0.0090359998866915,0.0086030000820755,0.0087989997118711,0.0087989997118711,10317
Gençlerbirliği Fan Token USD,GBSK-USD,2023-05-02,0.0087989997118711,0.00917199999094,0.0085979998111724,0.0089229997247457,0.0089229997247457,11656
Gençlerbirliği Fan Token USD,GBSK-USD,2023-05-03,0.0089229997247457,0.0089490003883838,0.008212000131607,0.0084079997614026,0.0084079997614026,11483
Gençlerbirliği Fan Token USD,GBSK-USD,2023-05-04,0.0084079997614026,0.0085319997742772,0.0080829998478293,0.0084039997309446,0.0084039997309446,4564
Gençlerbirliği Fan Token USD,GBSK-USD,2023-05-05,0.0084039997309446,0.0092940004542469,0.0082050003111362,0.0091749997809529,0.0091749997809529,5061
Gençlerbirliği Fan Token USD,GBSK-USD,2023-05-06,0.0091749997809529,0.0092829996719956,0.0084939999505877,0.0086529999971389,0.0086529999971389,9657
Gençlerbirliği Fan Token USD,GBSK-USD,2023-05-07,0.0086529999971389,0.0090169999748468,0.0084939999505877,0.0087160002440214,0.0087160002440214,12687
Gençlerbirliği Fan Token USD,GBSK-USD,2023-05-08,0.0087090004235506,0.0088200001046061,0.0074579999782145,0.0074640000239014,0.0074640000239014,15351
Gençlerbirliği Fan Token USD,GBSK-USD,2023-05-09,0.0074640000239014,0.0076509998179972,0.0069240001030266,0.0073299999348819,0.0073299999348819,22983
Gençlerbirliği Fan Token USD,GBSK-USD,2023-05-10,0.0073299999348819,0.0081289997324347,0.0073259999044239,0.0080220000818371,0.0080220000818371,67744
Gençlerbirliği Fan Token USD,GBSK-USD,2023-05-11,0.0080220000818371,0.008555999957025,0.0070580001920461,0.0072429999709129,0.0072429999709129,32345
Gençlerbirliği Fan Token USD,GBSK-USD,2023-05-12,0.0072429999709129,0.0093870004639029,0.0071069998666644,0.0087909996509552,0.0087909996509552,57007
Gençlerbirliği Fan Token USD,GBSK-USD,2023-05-13,0.0087909996509552,0.0091960001736879,0.0082700001075863,0.0083100004121661,0.0083100004121661,50780
Gençlerbirliği Fan Token USD,GBSK-USD,2023-05-14,0.0083100004121661,0.0088179996237158,0.0082219997420907,0.0086209997534751,0.0086209997534751,50737
Gençlerbirliği Fan Token USD,GBSK-USD,2023-05-15,0.0086099999025464,0.0092639997601509,0.0083189997822046,0.0091000003740191,0.0091000003740191,652156
Gençlerbirliği Fan Token USD,GBSK-USD,2023-05-16,0.0091000003740191,0.0091660004109144,0.0084840003401041,0.0088369995355606,0.0088369995355606,21678
Gençlerbirliği Fan Token USD,GBSK-USD,2023-05-17,0.0088369995355606,0.0089640002697706,0.0062770000658929,0.0070319999940693,0.0070319999940693,20756
Gençlerbirliği Fan Token USD,GBSK-USD,2023-05-18,0.0070319999940693,0.0073799998499453,0.0065069999545812,0.0066740000620484,0.0066740000620484,19195
Gençlerbirliği Fan Token USD,GBSK-USD,2023-05-19,0.0066740000620484,0.0069059999659657,0.0063979998230934,0.0066019999794662,0.0066019999794662,17389
Gençlerbirliği Fan Token USD,GBSK-USD,2023-05-20,0.0066019999794662,0.0067409998737275,0.0045889997854828,0.0050019999034702,0.0050019999034702,15662
Gençlerbirliği Fan Token USD,GBSK-USD,2023-05-21,0.0050019999034702,0.0051819998770952,0.0045690000988543,0.0047019999474287,0.0047019999474287,17581
Gençlerbirliği Fan Token USD,GBSK-USD,2023-05-22,0.0047019999474287,0.0051770000718533,0.0046819997951388,0.0049060001038014,0.0049060001038014,18085
Gençlerbirliği Fan Token USD,GBSK-USD,2023-05-23,0.0049060001038014,0.0054870001040399,0.0047590001486241,0.0051440000534057,0.0051440000534057,18891
Gençlerbirliği Fan Token USD,GBSK-USD,2023-05-24,0.0051440000534057,0.0056340000592172,0.0047749998047947,0.0052660000510513,0.0052660000510513,16234
Gençlerbirliği Fan Token USD,GBSK-USD,2023-05-25,0.0052660000510513,0.0058949999511241,0.0048219999298453,0.0053719999268651,0.0053719999268651,12546
Gençlerbirliği Fan Token USD,GBSK-USD,2023-05-26,0.0053719999268651,0.0062750000506639,0.0050240000709891,0.0054199998266994,0.0054199998266994,17201
Gençlerbirliği Fan Token USD,GBSK-USD,2023-05-27,0.0054199998266994,0.0054569998756051,0.0047010001726448,0.0049990001134574,0.0049990001134574,13950
Gençlerbirliği Fan Token USD,GBSK-USD,2023-05-28,0.0049990001134574,0.0051400000229477,0.0046109999530017,0.0048000002279877,0.0048000002279877,17456
Gençlerbirliği Fan Token USD,GBSK-USD,2023-05-29,0.0048000002279877,0.0048199999146163,0.004066000226885,0.0044229999184608,0.0044229999184608,16801
Gençlerbirliği Fan Token USD,GBSK-USD,2023-05-30,0.0044229999184608,0.0046169999986886,0.0038530000019818,0.0041000000201165,0.0041000000201165,13875
Gençlerbirliği Fan Token USD,GBSK-USD,2023-05-31,0.0041000000201165,0.0042200000025331,0.0035570000763982,0.0037720000836998,0.0037720000836998,8097
Gençlerbirliği Fan Token USD,GBSK-USD,2023-06-01,0.0037720000836998,0.0040440000593662,0.0034950000699609,0.0036450000479817,0.0036450000479817,10503
Gençlerbirliği Fan Token USD,GBSK-USD,2023-06-02,0.0036450000479817,0.0040890001691877,0.003484999993816,0.0037650000303983,0.0037650000303983,10833
Gençlerbirliği Fan Token USD,GBSK-USD,2023-06-03,0.0037650000303983,0.0040310001932084,0.0035810000263154,0.0037620000075548,0.0037620000075548,10660
Gençlerbirliği Fan Token USD,GBSK-USD,2023-06-04,0.0037620000075548,0.0040119998157024,0.0035409999545663,0.0036909999325871,0.0036909999325871,8012
Gençlerbirliği Fan Token USD,GBSK-USD,2023-06-05,0.0036909999325871,0.0038560000248253,0.0034300000406801,0.0034640000667423,0.0034640000667423,12173
Gençlerbirliği Fan Token USD,GBSK-USD,2023-06-06,0.0034640000667423,0.0036700000055134,0.0032250001095235,0.0032250001095235,0.0032250001095235,11980
Gençlerbirliği Fan Token USD,GBSK-USD,2023-06-07,0.0032250001095235,0.0034050000831484,0.0029760000761598,0.0030739998910576,0.0030739998910576,11242
Gençlerbirliği Fan Token USD,GBSK-USD,2023-06-08,0.0030739998910576,0.0032069999724626,0.0028760000132024,0.0030660000629723,0.0030660000629723,11182
Gençlerbirliği Fan Token USD,GBSK-USD,2023-06-09,0.0030660000629723,0.0035250000655651,0.0028999999631196,0.0031260000541806,0.0031260000541806,11437
Gençlerbirliği Fan Token USD,GBSK-USD,2023-06-10,0.0031260000541806,0.0031969998963177,0.0027789999730885,0.0028490000404417,0.0028490000404417,10063
Gençlerbirliği Fan Token USD,GBSK-USD,2023-06-11,0.0028490000404417,0.003400000045076,0.0028049999382346,0.0032820000778883,0.0032820000778883,102562
Gençlerbirliği Fan Token USD,GBSK-USD,2023-06-12,0.0032820000778883,0.0037760001141577,0.0029869999270886,0.0030280000064522,0.0030280000064522,76002
Gençlerbirliği Fan Token USD,GBSK-USD,2023-06-13,0.0030280000064522,0.0033569999504834,0.0027870000340044,0.0028880001045763,0.0028880001045763,6649
Gençlerbirliği Fan Token USD,GBSK-USD,2023-06-14,0.0028880001045763,0.003002000041306,0.0027999999001622,0.0029970000032335,0.0029970000032335,10689
Gençlerbirliği Fan Token USD,GBSK-USD,2023-06-15,0.0029970000032335,0.0033770001027733,0.0028959999326616,0.0030799999367445,0.0030799999367445,23100
Gençlerbirliği Fan Token USD,GBSK-USD,2023-06-16,0.0030799999367445,0.003084999974817,0.0026110000908374,0.0029519998934119,0.0029519998934119,37564
Gençlerbirliği Fan Token USD,GBSK-USD,2023-06-17,0.0029519998934119,0.0029780000913888,0.0027749999426305,0.0027870000340044,0.0027870000340044,798
Gençlerbirliği Fan Token USD,GBSK-USD,2023-06-18,0.0027870000340044,0.0028580001089721,0.0027809999883174,0.0028029999230057,0.0028029999230057,0
Gençlerbirliği Fan Token USD,GBSK-USD,2023-06-19,0.0028029999230057,0.0028029999230057,0.0026189999189227,0.0027149999514222,0.0027149999514222,14304
Gençlerbirliği Fan Token USD,GBSK-USD,2023-06-20,0.0027149999514222,0.0029819998890161,0.0026980000548064,0.0027979998849332,0.0027979998849332,15234
Gençlerbirliği Fan Token USD,GBSK-USD,2023-06-21,0.0027979998849332,0.0030429998878389,0.0027570000384002,0.0029339999891817,0.0029339999891817,15867
Gençlerbirliği Fan Token USD,GBSK-USD,2023-06-22,0.0029339999891817,0.003002000041306,0.0026660000439733,0.0027169999666512,0.0027169999666512,20931
Gençlerbirliği Fan Token USD,GBSK-USD,2023-06-23,0.0027169999666512,0.0027940000873059,0.0024530000519007,0.0024989999365061,0.0024989999365061,20960
Gençlerbirliği Fan Token USD,GBSK-USD,2023-06-24,0.0024989999365061,0.0026239999569952,0.0024339999072253,0.0024910001084208,0.0024910001084208,9040
Gençlerbirliği Fan Token USD,GBSK-USD,2023-06-25,0.0024910001084208,0.0025810000952333,0.00242600007914,0.0024500000290572,0.0024500000290572,1947
Gençlerbirliği Fan Token USD,GBSK-USD,2023-06-26,0.0024500000290572,0.0025029999669641,0.0023010000586509,0.0023650000803172,0.0023650000803172,3484
Gençlerbirliği Fan Token USD,GBSK-USD,2023-06-27,0.0023650000803172,0.0024530000519007,0.0023159999400377,0.0023560000117868,0.0023560000117868,15929
Gençlerbirliği Fan Token USD,GBSK-USD,2023-06-28,0.0023560000117868,0.0024160000029951,0.0022730000782757,0.0023550000041723,0.0023550000041723,21773
Gençlerbirliği Fan Token USD,GBSK-USD,2023-06-29,0.0023550000041723,0.0024049999192357,0.0022559999488294,0.0022730000782757,0.0022730000782757,15088
Gençlerbirliği Fan Token USD,GBSK-USD,2023-06-30,0.0022730000782757,0.0023950000759214,0.0022460001055151,0.0023570000194013,0.0023570000194013,22001
Gençlerbirliği Fan Token USD,GBSK-USD,2023-07-01,0.0023570000194013,0.0023709998931735,0.0022569999564439,0.0023219999857246,0.0023219999857246,12561
Gençlerbirliği Fan Token USD,GBSK-USD,2023-07-02,0.0023219999857246,0.0023769999388605,0.0022390000522136,0.0022549999412149,0.0022549999412149,14175
Gençlerbirliği Fan Token USD,GBSK-USD,2023-07-03,0.0022549999412149,0.0023340000770986,0.0020389999262988,0.0021259998902678,0.0021259998902678,14274
Gençlerbirliği Fan Token USD,GBSK-USD,2023-07-04,0.0021259998902678,0.0021639999467879,0.0019409999949857,0.0020840000361204,0.0020840000361204,16958
Gençlerbirliği Fan Token USD,GBSK-USD,2023-07-05,0.0020840000361204,0.0021140000317245,0.0019859999883919,0.0020240000449121,0.0020240000449121,27777
Gençlerbirliği Fan Token USD,GBSK-USD,2023-07-06,0.0020240000449121,0.0021510000806301,0.0020149999763816,0.0020469999872148,0.0020469999872148,45227
Gençlerbirliği Fan Token USD,GBSK-USD,2023-07-07,0.0020469999872148,0.0021019999403506,0.0019640000537037,0.0019700000993907,0.0019700000993907,18308
Gençlerbirliği Fan Token USD,GBSK-USD,2023-07-08,0.0019700000993907,0.002064999891445,0.001888999948278,0.0018960000015795,0.0018960000015795,4811
Gençlerbirliği Fan Token USD,GBSK-USD,2023-07-09,0.0018960000015795,0.0020240000449121,0.0017209999496117,0.0018660000059753,0.0018660000059753,8531
Gençlerbirliği Fan Token USD,GBSK-USD,2023-07-10,0.0018660000059753,0.0019020000472664,0.0013429999817162,0.0014759999467059,0.0014759999467059,13244
Gençlerbirliği Fan Token USD,GBSK-USD,2023-07-11,0.0014759999467059,0.0016809999942779,0.0014740000478923,0.0015409999759867,0.0015409999759867,11740
Gençlerbirliği Fan Token USD,GBSK-USD,2023-07-12,0.0015409999759867,0.001585999969393,0.0014159999554976,0.001518000033684,0.001518000033684,7173
Gençlerbirliği Fan Token USD,GBSK-USD,2023-07-13,0.001518000033684,0.0016060000052675,0.0014410000294446,0.0014639999717473,0.0014639999717473,23959
Gençlerbirliği Fan Token USD,GBSK-USD,2023-07-14,0.0014639999717473,0.0015549999661743,0.0014299999456852,0.0014939999673515,0.0014939999673515,26172
Gençlerbirliği Fan Token USD,GBSK-USD,2023-07-15,0.0014939999673515,0.0015679999487474,0.0014489999739453,0.0015399999683722,0.0015399999683722,27916
Gençlerbirliği Fan Token USD,GBSK-USD,2023-07-16,0.0015399999683722,0.0015660000499337,0.0014740000478923,0.0015460000140592,0.0015460000140592,25465
Gençlerbirliği Fan Token USD,GBSK-USD,2023-07-17,0.0015460000140592,0.0016509999986737,0.0014590000500902,0.0015899999998509,0.0015899999998509,12145
Gençlerbirliği Fan Token USD,GBSK-USD,2023-07-18,0.0015899999998509,0.0016120000509545,0.0013249999610707,0.0013780000153928,0.0013780000153928,12791
Gençlerbirliği Fan Token USD,GBSK-USD,2023-07-19,0.0013780000153928,0.0015569999814033,0.0013719999697059,0.0015290000010281,0.0015290000010281,6180
Gençlerbirliği Fan Token USD,GBSK-USD,2023-07-20,0.0015290000010281,0.0020069999154657,0.0015219999477267,0.0017369999550282,0.0017369999550282,2991
Gençlerbirliği Fan Token USD,GBSK-USD,2023-07-21,0.0017369999550282,0.0018110000528395,0.0015679999487474,0.0017229999648407,0.0017229999648407,7767
Gençlerbirliği Fan Token USD,GBSK-USD,2023-07-22,0.0017229999648407,0.0017740000039339,0.0015989999519661,0.0017040000529959,0.0017040000529959,16032
Gençlerbirliği Fan Token USD,GBSK-USD,2023-07-23,0.0017040000529959,0.0019460000330582,0.0016870000399649,0.0019039999460801,0.0019039999460801,31886
Gençlerbirliği Fan Token USD,GBSK-USD,2023-07-24,0.0019039999460801,0.0019710001070052,0.0017399999778717,0.0018469999777153,0.0018469999777153,33195
Gençlerbirliği Fan Token USD,GBSK-USD,2023-07-25,0.0018469999777153,0.001894999993965,0.0016870000399649,0.0017989999614655,0.0017989999614655,29724
Gençlerbirliği Fan Token USD,GBSK-USD,2023-07-26,0.0017989999614655,0.0018429999472573,0.0017040000529959,0.0017699999734759,0.0017699999734759,29986
Gençlerbirliği Fan Token USD,GBSK-USD,2023-07-27,0.0017699999734759,0.0017699999734759,0.0016329999780282,0.0016850000247359,0.0016850000247359,31155
Gençlerbirliği Fan Token USD,GBSK-USD,2023-07-28,0.0016850000247359,0.0017089999746531,0.0015500000445172,0.0016129999421536,0.0016129999421536,29242
Gençlerbirliği Fan Token USD,GBSK-USD,2023-07-29,0.0016129999421536,0.0016730000497773,0.0015569999814033,0.0015970000531524,0.0015970000531524,28453
Gençlerbirliği Fan Token USD,GBSK-USD,2023-07-30,0.0015970000531524,0.0016270000487565,0.0014819999923929,0.0014880000380799,0.0014880000380799,23015
Gençlerbirliği Fan Token USD,GBSK-USD,2023-07-31,0.0014880000380799,0.0015650000423192,0.0014130000490695,0.0014830000000074,0.0014830000000074,15090
Gençlerbirliği Fan Token USD,GBSK-USD,2023-08-01,0.0014830000000074,0.0015610000118613,0.0014299999456852,0.0014489999739453,0.0014489999739453,4345
Gençlerbirliği Fan Token USD,GBSK-USD,2023-08-02,0.0014489999739453,0.0015519999433308,0.0013980000512674,0.0015409999759867,0.0015409999759867,0
Gençlerbirliği Fan Token USD,GBSK-USD,2023-08-03,0.0015409999759867,0.0015670000575482,0.001516000018455,0.0015450000064447,0.0015450000064447,1321
Gençlerbirliği Fan Token USD,GBSK-USD,2023-08-04,0.0015450000064447,0.0015760000096634,0.0014649999793618,0.0015210000565275,0.0015210000565275,13152
Gençlerbirliği Fan Token USD,GBSK-USD,2023-08-05,0.0015210000565275,0.0015820000553503,0.0014730000402778,0.0014939999673515,0.0014939999673515,16060
Gençlerbirliği Fan Token USD,GBSK-USD,2023-08-06,0.0014939999673515,0.0016659999964758,0.0014789999695494,0.0015549999661743,0.0015549999661743,7290
Gençlerbirliği Fan Token USD,GBSK-USD,2023-08-07,0.0015549999661743,0.0015610000118613,0.0012659999774768,0.00131700001657,0.00131700001657,8320
Gençlerbirliği Fan Token USD,GBSK-USD,2023-08-08,0.00131700001657,0.001414000056684,0.0012720000231638,0.001295999973081,0.001295999973081,336
Gençlerbirliği Fan Token USD,GBSK-USD,2023-08-09,0.001295999973081,0.0013960000360384,0.0012860000133514,0.0013439999893307,0.0013439999893307,3507
Gençlerbirliği Fan Token USD,GBSK-USD,2023-08-10,0.0013439999893307,0.0014110000338405,0.0012969999806955,0.0013579999795183,0.0013579999795183,3792
Gençlerbirliği Fan Token USD,GBSK-USD,2023-08-11,0.0013579999795183,0.001583999954164,0.0013370000524446,0.0014639999717473,0.0014639999717473,4788
Gençlerbirliği Fan Token USD,GBSK-USD,2023-08-12,0.0014639999717473,0.0016880000475794,0.0014600000577047,0.0015670000575482,0.0015670000575482,13859
Gençlerbirliği Fan Token USD,GBSK-USD,2023-08-13,0.0015670000575482,0.0016449999529868,0.0015229999553412,0.0015589999966323,0.0015589999966323,20560
Gençlerbirliği Fan Token USD,GBSK-USD,2023-08-14,0.0015589999966323,0.0015940000303089,0.0014049999881535,0.0014270000392571,0.0014270000392571,14980
Gençlerbirliği Fan Token USD,GBSK-USD,2023-08-15,0.0014270000392571,0.0015389999607577,0.0013950000284239,0.0014959999825805,0.0014959999825805,36927
Gençlerbirliği Fan Token USD,GBSK-USD,2023-08-16,0.0014959999825805,0.0017049999441951,0.0014420000370591,0.0016809999942779,0.0016809999942779,42085
Gençlerbirliği Fan Token USD,GBSK-USD,2023-08-17,0.0016809999942779,0.001691999961622,0.001499000005424,0.0015079999575391,0.0015079999575391,15465
Gençlerbirliği Fan Token USD,GBSK-USD,2023-08-18,0.0015079999575391,0.0015910000074654,0.0014769999543204,0.0015229999553412,0.0015229999553412,32234
Gençlerbirliği Fan Token USD,GBSK-USD,2023-08-19,0.0015229999553412,0.0015389999607577,0.0014789999695494,0.0015030000358819,0.0015030000358819,106034
Gençlerbirliği Fan Token USD,GBSK-USD,2023-08-20,0.0015030000358819,0.0015079999575391,0.0014369999989867,0.0014369999989867,0.0014369999989867,46643
Gençlerbirliği Fan Token USD,GBSK-USD,2023-08-21,0.0014369999989867,0.0015610000118613,0.0014329999685287,0.0015519999433308,0.0015519999433308,76205
Gençlerbirliği Fan Token USD,GBSK-USD,2023-08-22,0.0015519999433308,0.0015579999890178,0.0014659999869763,0.0014750000555068,0.0014750000555068,35188
Gençlerbirliği Fan Token USD,GBSK-USD,2023-08-23,0.0014750000555068,0.0015069999499246,0.0014669999945908,0.001492999959737,0.001492999959737,56619
Gençlerbirliği Fan Token USD,GBSK-USD,2023-08-24,0.001492999959737,0.0015379999531432,0.0013510000426322,0.0015089999651536,0.0015089999651536,51581
Gençlerbirliği Fan Token USD,GBSK-USD,2023-08-25,0.0015089999651536,0.0017630000365898,0.0015000000130385,0.0017010000301524,0.0017010000301524,21628
Gençlerbirliği Fan Token USD,GBSK-USD,2023-08-26,0.0017010000301524,0.0017359999474138,0.00161100004334,0.0016949999844655,0.0016949999844655,16241
Gençlerbirliği Fan Token USD,GBSK-USD,2023-08-27,0.0016949999844655,0.0017750000115484,0.0016880000475794,0.0017679999582469,0.0017679999582469,3212
Gençlerbirliği Fan Token USD,GBSK-USD,2023-08-28,0.0017679999582469,0.002295000012964,0.0017209999496117,0.0021269998978823,0.0021269998978823,4971
Gençlerbirliği Fan Token USD,GBSK-USD,2023-08-29,0.0021269998978823,0.0025100000202655,0.0021019999403506,0.0022770001087337,0.0022770001087337,3330
Gençlerbirliği Fan Token USD,GBSK-USD,2023-08-30,0.0022770001087337,0.003256999887526,0.0022360000293701,0.0031230000313371,0.0031230000313371,6252
Gençlerbirliği Fan Token USD,GBSK-USD,2023-08-31,0.0031230000313371,0.0031290000770241,0.0030819999519735,0.0031119999475777,0.0031119999475777,0
Gençlerbirliği Fan Token USD,GBSK-USD,2023-09-01,0.0031119999475777,0.0031119999475777,0.002911000046879,0.0029849999118596,0.0029849999118596,7546
Gençlerbirliği Fan Token USD,GBSK-USD,2023-09-02,0.0029849999118596,0.002998000010848,0.0028119999915361,0.0028129999991506,0.0028129999991506,4262
Gençlerbirliği Fan Token USD,GBSK-USD,2023-09-03,0.0028129999991506,0.0029559999238699,0.0027799999807029,0.0029319999739527,0.0029319999739527,10597
Gençlerbirliği Fan Token USD,GBSK-USD,2023-09-04,0.0029319999739527,0.0029700000304728,0.0025339999701827,0.0027999999001622,0.0027999999001622,6528
Gençlerbirliği Fan Token USD,GBSK-USD,2023-09-05,0.0027999999001622,0.002919000107795,0.0025649999734014,0.0027999999001622,0.0027999999001622,8047
Gençlerbirliği Fan Token USD,GBSK-USD,2023-09-06,0.0027999999001622,0.0030620000325143,0.0027890000492334,0.0029889999423176,0.0029889999423176,9037
Gençlerbirliği Fan Token USD,GBSK-USD,2023-09-07,0.0029889999423176,0.0033470001071691,0.0029639999847859,0.0032899999059736,0.0032899999059736,11110
Gençlerbirliği Fan Token USD,GBSK-USD,2023-09-08,0.0032899999059736,0.0035709999501705,0.0032170000486075,0.0033680000342428,0.0033680000342428,9045
Gençlerbirliği Fan Token USD,GBSK-USD,2023-09-09,0.0033680000342428,0.0037269999738782,0.0032560001127421,0.0033970000222325,0.0033970000222325,14188
Gençlerbirliği Fan Token USD,GBSK-USD,2023-09-10,0.0033970000222325,0.0034409998916089,0.0026440001092851,0.0027399999089539,0.0027399999089539,10962
Gençlerbirliği Fan Token USD,GBSK-USD,2023-09-11,0.0027399999089539,0.0028790000360459,0.0026449998840689,0.0027290000580251,0.0027290000580251,9951
Gençlerbirliği Fan Token USD,GBSK-USD,2023-09-12,0.0027290000580251,0.0027940000873059,0.0026050000451505,0.00268099992536,0.00268099992536,14084
Gençlerbirliği Fan Token USD,GBSK-USD,2023-09-13,0.00268099992536,0.0031139999628067,0.0026779999025166,0.0028570001013576,0.0028570001013576,10302
Gençlerbirliği Fan Token USD,GBSK-USD,2023-09-14,0.0028565591201186,0.0029876236803829,0.0028230058960616,0.0029746815562248,0.0029746815562248,10423
Gençlerbirliği Fan Token USD,GBSK-USD,2023-09-15,0.0029462066013365,0.0029996850062161,0.0029431476723402,0.0029996850062161,0.0029996850062161,7536
Gençlerbirliği Fan Token USD,GBSK-USD,2023-09-16,0.0031275996007025,0.0031275996007025,0.0031174481846392,0.0031174481846392,0.0031174481846392,7406
Gençlerbirliği Fan Token USD,GBSK-USD,2023-09-17,0.0031275996007025,0.0033457914832979,0.0030904724262654,0.0033333345782011,0.0033333345782011,9156
Gençlerbirliği Fan Token USD,GBSK-USD,2023-09-18,0.0033333345782011,0.0034981330391019,0.0032993571367114,0.0034848605282604,0.0034848605282604,7884
Gençlerbirliği Fan Token USD,GBSK-USD,2023-09-19,0.0034024252090603,0.0034976385068148,0.0033478927798569,0.003387167584151,0.003387167584151,4926
Gençlerbirliği Fan Token USD,GBSK-USD,2023-09-21,0.0034543350338935,0.0034708164166659,0.0034543350338935,0.0034708164166659,0.0034708164166659,5958
Gençlerbirliği Fan Token USD,GBSK-USD,2023-09-22,0.0033327641431242,0.0033417795784771,0.0033327641431242,0.0033417795784771,0.0033417795784771,9031
Gençlerbirliği Fan Token USD,GBSK-USD,2023-09-24,0.0034056403674185,0.0034956173039972,0.0034001558087766,0.0034076757729053,0.0034076757729053,9299
Gençlerbirliği Fan Token USD,GBSK-USD,2023-09-20,0.0034139999188482,0.0035689999349415,0.0033780001103878,0.0034539999905973,0.0034539999905973,5969
Gençlerbirliği Fan Token USD,GBSK-USD,2023-09-23,0.0032679999712854,0.0034759999252855,0.0031359998974949,0.0034060000907629,0.0034060000907629,9273
Gençlerbirliği Fan Token USD,GBSK-USD,2023-09-25,0.0025573645252734,0.0029368957038968,0.0021217328030616,0.0022954582236707,0.0022954582236707,2574
Gençlerbirliği Fan Token USD,GBSK-USD,2023-09-26,0.0023014375474303,0.0025568532291799,0.0021698006894439,0.0024346786085516,0.0024346786085516,3180
Gençlerbirliği Fan Token USD,GBSK-USD,2023-09-27,0.0023823664523661,0.0026778497267514,0.0020747617818415,0.0021328427828848,0.0021328427828848,2077
Gençlerbirliği Fan Token USD,GBSK-USD,2023-09-28,0.0020523741841316,0.0023979200050234,0.0020342723000794,0.0022400694433599,0.0022400694433599,2558
Gençlerbirliği Fan Token USD,GBSK-USD,2023-09-29,0.0022342316806316,0.0022829507943242,0.0020880973897874,0.0022353513631969,0.0022353513631969,2450
Gençlerbirliği Fan Token USD,GBSK-USD,2023-09-30,0.0022016423754394,0.0022692284546792,0.0020747266244143,0.0020888610742986,0.0020888610742986,2441
Gençlerbirliği Fan Token USD,GBSK-USD,2023-10-01,0.0020843751262873,0.0021680537611246,0.0020522456616163,0.0021238005720078,0.0021238005720078,2332
Gençlerbirliği Fan Token USD,GBSK-USD,2023-10-02,0.0021233833394944,0.0022618209477514,0.0021149637177586,0.0021382842678576,0.0021382842678576,2204
Gençlerbirliği Fan Token USD,GBSK-USD,2023-10-03,0.002162290271371603,0.0022266109008342028,0.0020691638346761465,0.00212254305370152,0.00212254305370152,2337
