Name,Symbol,Date,Open,High,Low,Close,Adj Close,Volume
KZ Cash USD,KZC-USD,2018-01-13,8.282360076904297,8.282360076904297,7.220809936523437,7.231770038604736,7.231770038604736,78931
KZ Cash USD,KZC-USD,2018-01-14,7.238840103149414,8.469449996948242,7.130819797515869,7.200860023498535,7.200860023498535,9579
KZ Cash USD,KZC-USD,2018-01-15,7.170639991760254,9.015740394592283,7.160059928894043,8.420080184936523,8.420080184936523,75377
KZ Cash USD,KZC-USD,2018-01-16,8.429869651794434,8.429869651794434,5.364200115203857,5.963389873504639,5.963389873504639,87121
KZ Cash USD,KZC-USD,2018-01-17,5.939579963684082,6.643849849700928,5.142459869384766,6.567629814147949,6.567629814147949,22271
KZ Cash USD,KZC-USD,2018-01-18,6.580880165100098,7.1490797996521,6.081079959869385,6.9115400314331055,6.9115400314331055,32849
KZ Cash USD,KZC-USD,2018-01-19,6.840169906616211,7.053440093994141,6.135439872741699,7.053440093994141,7.053440093994141,87418
KZ Cash USD,KZC-USD,2018-01-20,7.106860160827637,8.072739601135254,7.085460186004639,7.940589904785156,7.940589904785156,28566
KZ Cash USD,KZC-USD,2018-01-21,7.947639942169189,8.545769691467285,6.906229972839356,7.325039863586426,7.325039863586426,30025
KZ Cash USD,KZC-USD,2018-01-22,7.420440196990967,8.94933032989502,6.796529769897461,7.533010005950928,7.533010005950928,68268
KZ Cash USD,KZC-USD,2018-01-23,7.517419815063477,8.288450241088867,5.649449825286865,6.551599979400635,6.551599979400635,36211
KZ Cash USD,KZC-USD,2018-01-24,6.548029899597168,8.11217975616455,5.707059860229492,6.961009979248047,6.961009979248047,79002
KZ Cash USD,KZC-USD,2018-01-25,7.074920177459717,7.462100028991699,4.774799823760986,5.484029769897461,5.484029769897461,11707
KZ Cash USD,KZC-USD,2018-01-26,5.471560001373291,6.077980041503906,4.220870018005371,5.646590232849121,5.646590232849121,38034
KZ Cash USD,KZC-USD,2018-01-27,5.643330097198486,5.783959865570068,4.570930004119873,5.625219821929932,5.625219821929932,11872
KZ Cash USD,KZC-USD,2018-01-28,5.653910160064697,5.775509834289551,4.424769878387451,4.460430145263672,4.460430145263672,6305
KZ Cash USD,KZC-USD,2018-01-29,5.717770099639893,5.844719886779785,4.4274001121521,5.503789901733398,5.503789901733398,34875
KZ Cash USD,KZC-USD,2018-01-30,5.497889995574951,5.505099773406982,4.483039855957031,4.696710109710693,4.696710109710693,11774
KZ Cash USD,KZC-USD,2018-01-31,4.701039791107178,4.720270156860352,4.124460220336914,4.490809917449951,4.490809917449951,79369
KZ Cash USD,KZC-USD,2018-02-01,4.498630046844482,4.634399890899658,4.005360126495361,4.183199882507324,4.183199882507324,8895
KZ Cash USD,KZC-USD,2018-02-02,4.180319786071777,4.180319786071777,3.579010009765625,3.996809959411621,3.996809959411621,17228
KZ Cash USD,KZC-USD,2018-02-03,4.009990215301514,4.300389766693115,3.658070087432861,4.115389823913574,4.115389823913574,3740
KZ Cash USD,KZC-USD,2018-02-04,4.122429847717285,4.3928399085998535,3.6704299449920654,3.801480054855346,3.801480054855346,3506
KZ Cash USD,KZC-USD,2018-02-05,3.774310111999512,3.89766001701355,3.1421499252319336,3.2088000774383545,3.2088000774383545,7307
KZ Cash USD,KZC-USD,2018-02-06,3.2114999294281006,3.705169916152954,2.7804200649261475,3.6733899116516113,3.6733899116516113,8114
KZ Cash USD,KZC-USD,2018-02-07,3.6392300128936768,4.096749782562256,2.842319965362549,3.686079978942871,3.686079978942871,14670
KZ Cash USD,KZC-USD,2018-02-08,3.671250104904175,3.845679998397827,2.867719888687134,3.7157700061798096,3.7157700061798096,74286
KZ Cash USD,KZC-USD,2018-02-09,3.6671900749206543,3.888190031051636,3.386859893798828,3.8870699405670166,3.8870699405670166,46489
KZ Cash USD,KZC-USD,2018-02-10,3.892659902572632,3.893249988555908,2.9489200115203857,3.256740093231201,3.256740093231201,14162
KZ Cash USD,KZC-USD,2018-02-11,3.2539401054382324,3.5562000274658203,2.9511399269104004,3.2694499492645264,3.2694499492645264,15507
KZ Cash USD,KZC-USD,2018-02-12,3.2881500720977783,5.386320114135742,2.999300003051758,3.60329008102417,3.60329008102417,181180
KZ Cash USD,KZC-USD,2018-02-13,3.748070001602173,3.9583899974823,3.2651000022888184,3.818459987640381,3.818459987640381,34763
KZ Cash USD,KZC-USD,2018-02-14,3.805769920349121,4.473199844360352,3.57381010055542,4.295350074768066,4.295350074768066,43755
KZ Cash USD,KZC-USD,2018-02-15,4.477059841156006,4.819729804992676,4.21835994720459,4.54472017288208,4.54472017288208,21671
KZ Cash USD,KZC-USD,2018-02-16,4.52545976638794,4.696119785308838,4.188700199127197,4.551050186157227,4.551050186157227,12838
KZ Cash USD,KZC-USD,2018-02-17,4.550739765167236,4.714159965515137,2.7353999614715576,3.235990047454834,3.235990047454834,64599
KZ Cash USD,KZC-USD,2018-02-18,3.4305200576782227,3.91225004196167,2.4729199409484863,3.4534499645233154,3.4534499645233154,22063
KZ Cash USD,KZC-USD,2018-02-19,3.4399900436401367,3.9008400440216064,2.798979997634888,3.7304201126098633,3.7304201126098633,15069
KZ Cash USD,KZC-USD,2018-02-20,3.732290029525757,3.809040069580078,3.3688299655914307,3.5262999534606934,3.5262999534606934,16350
KZ Cash USD,KZC-USD,2018-02-21,3.523829936981201,3.769129991531372,2.9535698890686035,3.3086400032043457,3.3086400032043457,43497
KZ Cash USD,KZC-USD,2018-02-22,3.305229902267456,3.341049909591675,2.761009931564331,3.007539987564087,3.007539987564087,55234
KZ Cash USD,KZC-USD,2018-02-23,3.0047500133514404,3.1377100944519043,2.756649971008301,2.83705997467041,2.83705997467041,16307
KZ Cash USD,KZC-USD,2018-02-24,2.8343000411987305,3.1981101036071777,2.5963499546051025,3.009399890899658,3.009399890899658,73845
KZ Cash USD,KZC-USD,2018-02-25,3.004950046539306,3.1501998901367188,2.782130002975464,2.8768999576568604,2.8768999576568604,71183
KZ Cash USD,KZC-USD,2018-02-26,2.879889965057373,3.3067800998687744,2.8232500553131104,3.267980098724365,3.267980098724365,27483
KZ Cash USD,KZC-USD,2018-02-27,3.277169942855835,3.351739883422852,2.995059967041016,3.004290103912353,3.004290103912353,10647
KZ Cash USD,KZC-USD,2018-02-28,3.001230001449585,3.282609939575196,2.649440050125122,3.144360065460205,3.144360065460205,50216
KZ Cash USD,KZC-USD,2018-03-01,3.148969888687134,3.344640016555786,2.615220069885254,3.3308000564575195,3.3308000564575195,11179
KZ Cash USD,KZC-USD,2018-03-02,3.2747299671173096,3.3874199390411377,2.7906200885772705,2.902790069580078,2.902790069580078,2251
KZ Cash USD,KZC-USD,2018-03-03,2.900099992752075,3.253230094909668,2.900099992752075,3.031790018081665,3.031790018081665,6398
KZ Cash USD,KZC-USD,2018-03-04,3.026669979095459,3.0286099910736084,2.8575000762939453,2.8866500854492188,2.8866500854492188,5048
KZ Cash USD,KZC-USD,2018-03-05,2.88427996635437,3.547189950942993,2.313730001449585,3.300220012664795,3.300220012664795,18456
KZ Cash USD,KZC-USD,2018-03-06,3.292330026626587,4.724390029907227,2.820319890975952,4.163090229034424,4.163090229034424,35464
KZ Cash USD,KZC-USD,2018-03-07,4.158120155334473,4.750579833984375,3.3419899940490723,4.603340148925781,4.603340148925781,24419
KZ Cash USD,KZC-USD,2018-03-08,4.597089767456055,7.508349895477295,3.269129991531372,7.494359970092773,7.494359970092773,53606
KZ Cash USD,KZC-USD,2018-03-09,7.464729785919189,7.978429794311523,3.560129880905152,6.722489833831787,6.722489833831787,625906
KZ Cash USD,KZC-USD,2018-03-10,6.700069904327393,6.892879962921143,5.4049601554870605,5.935500144958496,5.935500144958496,222895
KZ Cash USD,KZC-USD,2018-03-11,5.915550231933594,6.380430221557617,5.305369853973389,6.096189975738525,6.096189975738525,172535
KZ Cash USD,KZC-USD,2018-03-12,6.077099800109863,6.490880012512207,5.909729957580566,6.138030052185059,6.138030052185059,147953
KZ Cash USD,KZC-USD,2018-03-13,6.10345983505249,6.260940074920654,5.497900009155273,5.994850158691406,5.994850158691406,153086
KZ Cash USD,KZC-USD,2018-03-14,5.99629020690918,6.132589817047119,4.900070190429688,5.027599811553955,5.027599811553955,140133
KZ Cash USD,KZC-USD,2018-03-15,5.026259899139404,5.096360206604004,3.957530021667481,4.469659805297852,4.469659805297852,100163
KZ Cash USD,KZC-USD,2018-03-16,4.467020034790039,5.462950229644775,4.192269802093506,5.326700210571289,5.326700210571289,71693
KZ Cash USD,KZC-USD,2018-03-17,5.332419872283936,5.516170024871826,4.989280223846436,5.2488298416137695,5.2488298416137695,59649
KZ Cash USD,KZC-USD,2018-03-18,5.236169815063477,5.236169815063477,4.55748987197876,5.181640148162842,5.181640148162842,25992
KZ Cash USD,KZC-USD,2018-03-19,5.159900188446045,5.311999797821045,4.473499774932861,5.288360118865967,5.288360118865967,22030
KZ Cash USD,KZC-USD,2018-03-20,5.3466901779174805,5.45950984954834,4.899419784545898,5.234789848327637,5.234789848327637,48262
KZ Cash USD,KZC-USD,2018-03-21,4.876299858093262,5.280409812927246,4.437610149383545,4.900290012359619,4.900290012359619,27186
KZ Cash USD,KZC-USD,2018-03-22,4.891449928283691,5.213039875030518,4.320859909057617,4.5213799476623535,4.5213799476623535,16434
KZ Cash USD,KZC-USD,2018-03-23,4.524179935455322,4.537280082702637,4.001180171966553,4.284080028533936,4.284080028533936,23069
KZ Cash USD,KZC-USD,2018-03-24,4.379690170288086,4.58282995223999,4.084350109100342,4.084350109100342,4.084350109100342,23993
KZ Cash USD,KZC-USD,2018-03-25,4.033490180969238,4.223259925842285,3.656780004501343,3.784149885177612,3.784149885177612,25339
KZ Cash USD,KZC-USD,2018-03-26,3.7815499305725098,3.902689933776856,2.701479911804199,3.3571701049804688,3.3571701049804688,39977
KZ Cash USD,KZC-USD,2018-03-27,3.352240085601806,3.362610101699829,2.60152006149292,2.697849988937378,2.697849988937378,17473
KZ Cash USD,KZC-USD,2018-03-28,2.6981201171875,2.9906699657440186,2.666280031204224,2.710819959640503,2.710819959640503,11115
KZ Cash USD,KZC-USD,2018-03-29,2.713939905166626,4.063819885253906,2.598360061645508,2.6674699783325195,2.6674699783325195,49907
KZ Cash USD,KZC-USD,2018-03-30,2.6607799530029297,2.805039882659912,2.5140700340271,2.6211600303649902,2.6211600303649902,63542
KZ Cash USD,KZC-USD,2018-03-31,2.6215600967407227,2.7355198860168457,2.367000102996826,2.384619951248169,2.384619951248169,31456
KZ Cash USD,KZC-USD,2018-04-01,2.384550094604492,2.9855000972747803,2.271859884262085,2.7923800945281982,2.7923800945281982,69407
KZ Cash USD,KZC-USD,2018-04-02,2.806060075759888,3.78056001663208,2.787899971008301,3.4874000549316406,3.4874000549316406,97562
KZ Cash USD,KZC-USD,2018-04-03,3.489870071411133,3.746040105819702,2.999350070953369,3.141249895095825,3.141249895095825,92773
KZ Cash USD,KZC-USD,2018-04-04,3.139080047607422,3.4658799171447754,2.717740058898926,3.015360116958618,3.015360116958618,172786
KZ Cash USD,KZC-USD,2018-04-05,3.016619920730591,3.275310039520264,2.9025399684906006,3.271379947662353,3.271379947662353,22406
KZ Cash USD,KZC-USD,2018-04-06,3.2549099922180176,3.324980020523072,2.761359930038452,3.2616100311279297,3.2616100311279297,45141
KZ Cash USD,KZC-USD,2018-04-07,3.265500068664551,3.397670030593872,2.701930046081543,2.82932996749878,2.82932996749878,6549
KZ Cash USD,KZC-USD,2018-04-08,2.831700086593628,3.4301400184631348,2.353339910507202,2.7465600967407227,2.7465600967407227,25201
KZ Cash USD,KZC-USD,2018-04-09,2.7510199546813965,3.1294500827789307,2.3219199180603027,2.3682899475097656,2.3682899475097656,18377
KZ Cash USD,KZC-USD,2018-04-10,2.37024998664856,2.8275599479675293,2.3458499908447266,2.820130109786988,2.820130109786988,60151
KZ Cash USD,KZC-USD,2018-04-11,2.8211700916290283,2.859139919281006,1.827839970588684,2.291100025177002,2.291100025177002,31004
KZ Cash USD,KZC-USD,2018-04-12,2.285759925842285,2.557039976119995,1.913349986076355,2.508970022201538,2.508970022201538,17028
KZ Cash USD,KZC-USD,2018-04-13,2.5120201110839844,2.529959917068481,1.981040000915528,2.103970050811768,2.103970050811768,8352
KZ Cash USD,KZC-USD,2018-04-14,2.1229701042175293,2.6405699253082275,2.0051798820495605,2.1036500930786133,2.1036500930786133,41205
KZ Cash USD,KZC-USD,2018-04-15,2.1058599948883057,2.560110092163086,2.1058599948883057,2.486759901046753,2.486759901046753,20714
KZ Cash USD,KZC-USD,2018-04-16,2.4857099056243896,2.617079973220825,2.136090040206909,2.615070104598999,2.615070104598999,41738
KZ Cash USD,KZC-USD,2018-04-17,2.611469984054565,2.6777400970458984,2.15378999710083,2.178329944610596,2.178329944610596,2729
KZ Cash USD,KZC-USD,2018-04-18,2.1801199913024902,2.415970087051392,1.7687300443649292,2.415970087051392,2.415970087051392,119304
KZ Cash USD,KZC-USD,2018-04-19,2.416399955749512,2.416399955749512,1.7874300479888916,1.7886899709701538,1.7886899709701538,118232
KZ Cash USD,KZC-USD,2018-04-20,1.7903399467468262,2.076210021972656,1.7903399467468262,2.076210021972656,2.076210021972656,78219
KZ Cash USD,KZC-USD,2018-04-21,2.076989889144897,2.083430051803589,1.8139599561691284,1.9804999828338623,1.9804999828338623,106493
KZ Cash USD,KZC-USD,2018-04-22,1.9805799722671509,2.166490077972412,1.9597200155258176,2.057179927825928,2.057179927825928,51772
KZ Cash USD,KZC-USD,2018-04-23,2.0550999641418457,2.120029926300049,1.6097700595855713,2.119060039520264,2.119060039520264,117690
KZ Cash USD,KZC-USD,2018-04-24,2.1192800998687744,2.788949966430664,1.520550012588501,2.2125399112701416,2.2125399112701416,104072
KZ Cash USD,KZC-USD,2018-04-25,2.2131600379943848,2.2798399925231934,1.7632999420166016,2.1285300254821777,2.1285300254821777,132070
KZ Cash USD,KZC-USD,2018-04-26,2.1303799152374268,2.160949945449829,1.877869963645935,2.156589984893799,2.156589984893799,16444
KZ Cash USD,KZC-USD,2018-04-27,2.1593000888824463,2.1593000888824463,1.690739989280701,1.690739989280701,1.690739989280701,1349
KZ Cash USD,KZC-USD,2018-04-28,1.6851500272750854,1.877269983291626,1.614840030670166,1.8630399703979488,1.8630399703979488,1676
KZ Cash USD,KZC-USD,2018-04-29,1.8623499870300293,1.9404900074005127,1.7027000188827517,1.8672399520874023,1.8672399520874023,2210
KZ Cash USD,KZC-USD,2018-04-30,1.866610050201416,1.874040007591248,1.7011899948120115,1.82808005809784,1.82808005809784,1926
KZ Cash USD,KZC-USD,2018-05-01,1.8296799659729004,1.8296799659729004,1.5862699747085571,1.6140799522399902,1.6140799522399902,1086
KZ Cash USD,KZC-USD,2018-05-02,1.6119999885559082,2.10506010055542,1.251469969749451,2.089210033416748,2.089210033416748,10286
KZ Cash USD,KZC-USD,2018-05-03,2.0892200469970703,2.091769933700561,1.7986899614334106,1.9884699583053589,1.9884699583053589,5981
KZ Cash USD,KZC-USD,2018-05-04,1.954010009765625,1.954010009765625,1.5624300241470337,1.799929976463318,1.799929976463318,6222
KZ Cash USD,KZC-USD,2018-05-05,1.8000400066375732,1.9085500240325928,1.499709963798523,1.83502995967865,1.83502995967865,5914
KZ Cash USD,KZC-USD,2018-05-06,1.8360799551010127,1.9358999729156487,1.453279972076416,1.4911199808120728,1.4911199808120728,4708
KZ Cash USD,KZC-USD,2018-05-07,1.4919699430465698,1.5863699913024902,1.0275100469589231,1.3827099800109863,1.3827099800109863,5693
KZ Cash USD,KZC-USD,2018-05-08,1.385640025138855,1.3984299898147583,1.0941699743270874,1.102530002593994,1.102530002593994,2927
KZ Cash USD,KZC-USD,2018-05-09,1.100849986076355,1.8000500202178955,1.0767300128936768,1.494379997253418,1.494379997253418,1636
KZ Cash USD,KZC-USD,2018-05-10,1.493980050086975,2.3666698932647705,1.4909199476242063,2.096709966659546,2.096709966659546,10249
KZ Cash USD,KZC-USD,2018-05-11,2.098680019378662,2.098680019378662,1.657140016555786,1.7612899541854858,1.7612899541854858,3314
KZ Cash USD,KZC-USD,2018-05-12,1.7606500387191772,2.2173800468444824,1.6253199577331543,2.198899984359741,2.198899984359741,10756
KZ Cash USD,KZC-USD,2018-05-13,2.198129892349243,2.4803900718688965,2.1120200157165527,2.445080041885376,2.445080041885376,16208
KZ Cash USD,KZC-USD,2018-05-14,2.4439499378204346,2.534480094909668,2.200010061264038,2.448649883270264,2.448649883270264,8147
KZ Cash USD,KZC-USD,2018-05-15,2.4447200298309326,2.501189947128296,1.8408299684524536,2.07915997505188,2.07915997505188,11672
KZ Cash USD,KZC-USD,2018-05-16,2.078130006790161,2.0798099040985107,1.57328999042511,1.5985900163650513,1.5985900163650513,2675
KZ Cash USD,KZC-USD,2018-05-17,1.5995999574661257,2.099440097808838,1.2720400094985962,1.726330041885376,1.726330041885376,15157
KZ Cash USD,KZC-USD,2018-05-18,1.7278399467468262,1.9474999904632568,1.2481199502944946,1.6387799978256226,1.6387799978256226,3863
KZ Cash USD,KZC-USD,2018-05-19,1.6385300159454346,1.6617200374603271,1.4733599424362185,1.477910041809082,1.477910041809082,830
KZ Cash USD,KZC-USD,2018-05-20,1.479009985923767,1.611739993095398,1.4430700540542605,1.4587700366973877,1.4587700366973877,2269
KZ Cash USD,KZC-USD,2018-05-21,1.4601600170135498,1.4711899757385254,1.4005500078201294,1.4126800298690796,1.4126800298690796,1466
KZ Cash USD,KZC-USD,2018-05-22,1.4124300479888916,1.5389800071716309,1.3088899850845337,1.4822800159454346,1.4822800159454346,3415
KZ Cash USD,KZC-USD,2018-05-23,1.4807499647140503,1.4850399494171145,0.9971719980239868,1.0052900314331057,1.0052900314331057,2183
KZ Cash USD,KZC-USD,2018-05-24,1.0027799606323242,1.3671799898147583,0.9936460256576538,1.2082600593566897,1.2082600593566897,2226
KZ Cash USD,KZC-USD,2018-05-25,1.2104599475860596,1.2821799516677856,1.071810007095337,1.196300029754639,1.196300029754639,21509
KZ Cash USD,KZC-USD,2018-05-26,1.1947400569915771,1.2458900213241575,1.034809947013855,1.0386699438095093,1.0386699438095093,1728
KZ Cash USD,KZC-USD,2018-05-27,1.0390900373458862,1.2424099445343018,1.0259699821472168,1.1136599779129028,1.1136599779129028,1277
KZ Cash USD,KZC-USD,2018-05-28,1.1163300275802612,1.1163300275802612,0.9962220191955566,0.9980909824371338,0.9980909824371338,3177
KZ Cash USD,KZC-USD,2018-05-29,0.9978899955749512,1.4104599952697754,0.9374150037765504,0.9798830151557922,0.9798830151557922,8029
KZ Cash USD,KZC-USD,2018-05-30,0.980499029159546,1.2378699779510498,0.9564849734306335,0.961674988269806,0.961674988269806,1973
KZ Cash USD,KZC-USD,2018-05-31,0.9614959955215454,1.1760300397872925,0.842956006526947,1.121940016746521,1.121940016746521,3749
KZ Cash USD,KZC-USD,2018-06-01,0.9064819812774658,1.0614299774169922,0.8983460068702698,0.9435579776763916,0.9435579776763916,1775
KZ Cash USD,KZC-USD,2018-06-02,0.9431999921798706,1.0360499620437622,0.8611829876899719,1.0058499574661257,1.0058499574661257,3727
KZ Cash USD,KZC-USD,2018-06-03,0.9897900223731996,1.0436400175094604,0.8621410131454468,0.8658699989318848,0.8658699989318848,848
KZ Cash USD,KZC-USD,2018-06-04,0.86626797914505,1.11844003200531,0.7852979898452759,0.9537429809570312,0.9537429809570312,7877
KZ Cash USD,KZC-USD,2018-06-05,0.925486981868744,1.099009990692139,0.846222996711731,0.8863779902458191,0.8863779902458191,6248
KZ Cash USD,KZC-USD,2018-06-06,0.8862079977989197,1.0773799419403076,0.882735013961792,0.9966970086097716,0.9966970086097716,7973
KZ Cash USD,KZC-USD,2018-06-07,0.9975919723510742,1.3026200532913208,0.9975919723510742,1.098680019378662,1.098680019378662,14495
KZ Cash USD,KZC-USD,2018-06-08,1.1002899408340454,1.1584099531173706,0.9923490285873412,0.9923490285873412,0.9923490285873412,1578
KZ Cash USD,KZC-USD,2018-06-09,0.9170479774475098,1.153730034828186,0.9167799949645996,1.04229998588562,1.04229998588562,1582
KZ Cash USD,KZC-USD,2018-06-10,1.0427900552749634,1.1071300506591797,0.8755149841308594,0.9547439813613892,0.9547439813613892,7446
KZ Cash USD,KZC-USD,2018-06-11,0.9560369849205016,1.0174800157546997,0.9401100277900696,1.0096299648284912,1.0096299648284912,1885
KZ Cash USD,KZC-USD,2018-06-12,1.0090899467468262,1.317870020866394,0.9814820289611816,1.0693700313568115,1.0693700313568115,7811
KZ Cash USD,KZC-USD,2018-06-13,1.0720700025558472,1.1903300285339355,1.0671099424362185,1.1689499616622925,1.1689499616622925,2165
KZ Cash USD,KZC-USD,2018-06-14,1.0838099718093872,1.1799800395965576,1.0834800004959106,1.1713900566101074,1.1713900566101074,1802
KZ Cash USD,KZC-USD,2018-06-15,1.1694600582122805,1.1708500385284424,0.9095500111579896,0.9835349917411804,0.9835349917411804,3050
KZ Cash USD,KZC-USD,2018-06-16,0.9802410006523132,1.026819944381714,0.9715610146522522,0.9884759783744812,0.9884759783744812,763
KZ Cash USD,KZC-USD,2018-06-17,0.9910820126533508,1.109429955482483,0.9075700044631958,0.910522997379303,0.910522997379303,805
KZ Cash USD,KZC-USD,2018-06-18,0.9077360033988952,0.9408969879150392,0.8100799918174744,0.8420820236206055,0.8420820236206055,904
KZ Cash USD,KZC-USD,2018-06-19,0.8416330218315125,0.8438069820404053,0.6721529960632324,0.7689120173454285,0.7689120173454285,2404
KZ Cash USD,KZC-USD,2018-06-20,0.7693790197372437,0.8283290266990662,0.744005024433136,0.7661179900169373,0.7661179900169373,660
KZ Cash USD,KZC-USD,2018-06-21,0.7662760019302368,0.8401349782943726,0.7435640096664429,0.7530670166015625,0.7530670166015625,1819
KZ Cash USD,KZC-USD,2018-06-22,0.752327024936676,0.7724959850311279,0.6035850048065186,0.6143739819526672,0.6143739819526672,1881
KZ Cash USD,KZC-USD,2018-06-23,0.6144539713859558,0.768875002861023,0.6128450036048889,0.7429999709129333,0.7429999709129333,799
KZ Cash USD,KZC-USD,2018-06-24,0.6793169975280762,0.7163630127906799,0.6414290070533752,0.6803330183029175,0.6803330183029175,521
KZ Cash USD,KZC-USD,2018-06-25,0.6790680289268494,0.7100319862365723,0.5042759776115417,0.6253359913825989,0.6253359913825989,3286
KZ Cash USD,KZC-USD,2018-06-26,0.6253470182418823,0.655053973197937,0.5252150297164917,0.525708019733429,0.525708019733429,1189
KZ Cash USD,KZC-USD,2018-06-27,0.525484025478363,0.5284889936447144,0.4580360054969787,0.4656240046024322,0.4656240046024322,735
KZ Cash USD,KZC-USD,2018-06-28,0.4658010005950928,0.5486639738082886,0.4488840103149414,0.4514229893684387,0.4514229893684387,1072
KZ Cash USD,KZC-USD,2018-06-29,0.4517199993133545,0.52047199010849,0.4431490004062652,0.5162069797515869,0.5162069797515869,679
KZ Cash USD,KZC-USD,2018-06-30,0.522462010383606,0.531283974647522,0.4741480052471161,0.4797950088977813,0.4797950088977813,610
KZ Cash USD,KZC-USD,2018-07-01,0.4797790050506592,0.5220659971237183,0.4711169898509979,0.4760040044784546,0.4760040044784546,653
KZ Cash USD,KZC-USD,2018-07-02,0.4760580062866211,0.5028979778289795,0.4711140096187591,0.5004670023918152,0.5004670023918152,489
KZ Cash USD,KZC-USD,2018-07-03,0.4984529912471771,0.7084609866142273,0.4399060010910034,0.507785975933075,0.507785975933075,1715
KZ Cash USD,KZC-USD,2018-07-04,0.5076370239257812,0.6788809895515442,0.2768749892711639,0.4600200057029724,0.4600200057029724,964
KZ Cash USD,KZC-USD,2018-07-05,0.4609900116920471,0.5317450165748596,0.3316470086574554,0.4927319884300232,0.4927319884300232,6296
KZ Cash USD,KZC-USD,2018-07-06,0.4926550090312958,0.5352169871330261,0.3680489957332611,0.4044319987297058,0.4044319987297058,1764
KZ Cash USD,KZC-USD,2018-07-07,0.4037469923496246,0.5121930241584778,0.4018119871616363,0.5104820132255554,0.5104820132255554,1233
KZ Cash USD,KZC-USD,2018-07-08,0.5099329948425293,0.5347660183906555,0.4200789928436279,0.4400500059127807,0.4400500059127807,330
KZ Cash USD,KZC-USD,2018-07-09,0.4121910035610199,0.5443480014801025,0.3466759920120239,0.3481639921665191,0.3481639921665191,3187
KZ Cash USD,KZC-USD,2018-07-10,0.3479189872741699,0.4857980012893677,0.3394080102443695,0.3791869878768921,0.3791869878768921,1691
KZ Cash USD,KZC-USD,2018-07-11,0.3792029917240143,0.4159409999847412,0.3607290089130401,0.3723660111427307,0.3723660111427307,326
KZ Cash USD,KZC-USD,2018-07-12,0.372076004743576,0.4019849896430969,0.3265599906444549,0.3319979906082153,0.3319979906082153,548
KZ Cash USD,KZC-USD,2018-07-13,0.3322980105876922,0.4042580127716064,0.2671479880809784,0.3656019866466522,0.3656019866466522,2616
KZ Cash USD,KZC-USD,2018-07-14,0.364672988653183,0.3860200047492981,0.3518129885196686,0.3579129874706268,0.3579129874706268,1053
KZ Cash USD,KZC-USD,2018-07-15,0.3578230142593384,0.3646880090236664,0.3566339910030365,0.3623189926147461,0.3623189926147461,232
KZ Cash USD,KZC-USD,2018-07-16,0.3627200126647949,0.3779850006103515,0.3618060052394867,0.3779850006103515,0.3779850006103515,369
KZ Cash USD,KZC-USD,2018-07-17,0.3770450055599212,0.4410130083560943,0.3391830027103424,0.3687399923801422,0.3687399923801422,515
KZ Cash USD,KZC-USD,2018-07-18,0.368580013513565,0.443118005990982,0.3647019863128662,0.3697470128536224,0.3697470128536224,1089
KZ Cash USD,KZC-USD,2018-07-19,0.3695679903030395,0.3903729915618896,0.3657810091972351,0.3882629871368408,0.3882629871368408,350
KZ Cash USD,KZC-USD,2018-07-20,0.3885569870471954,0.4322519898414612,0.3337349891662597,0.3594579994678497,0.3594579994678497,1161
KZ Cash USD,KZC-USD,2018-07-21,0.3593710064888,0.4031989872455597,0.3320220112800598,0.3481760025024414,0.3481760025024414,357
KZ Cash USD,KZC-USD,2018-07-22,0.3480859994888305,0.3758009970188141,0.3002150058746338,0.3014509975910187,0.3014509975910187,2237
KZ Cash USD,KZC-USD,2018-07-23,0.3011020123958587,0.3929019868373871,0.3008779883384704,0.3314220011234283,0.3314220011234283,203
KZ Cash USD,KZC-USD,2018-07-24,0.3319090008735657,0.417275995016098,0.3311890065670013,0.3887580037117004,0.3887580037117004,1091
KZ Cash USD,KZC-USD,2018-07-25,0.3815590143203735,0.4223920106887817,0.324548989534378,0.3269720077514648,0.3269720077514648,2064
KZ Cash USD,KZC-USD,2018-07-26,0.3268570005893707,0.3482910096645355,0.3176600039005279,0.3208630084991455,0.3208630084991455,300
KZ Cash USD,KZC-USD,2018-07-27,0.3206880092620849,0.393669992685318,0.3163770139217376,0.3302580118179321,0.3302580118179321,220
KZ Cash USD,KZC-USD,2018-07-28,0.3309429883956909,0.3818179965019226,0.2452300041913986,0.2458859980106353,0.2458859980106353,1502
KZ Cash USD,KZC-USD,2018-07-29,0.2470410019159317,0.3614540100097656,0.2460770010948181,0.3450959920883178,0.3450959920883178,676
KZ Cash USD,KZC-USD,2018-07-30,0.3454009890556335,0.354544997215271,0.2862859964370727,0.3070229887962341,0.3070229887962341,167
KZ Cash USD,KZC-USD,2018-07-31,0.3065940141677856,0.3359299898147583,0.1639329940080642,0.1658309996128082,0.1658309996128082,111
KZ Cash USD,KZC-USD,2018-08-01,0.1658599972724914,0.2662140130996704,0.1601810008287429,0.2645800113677978,0.2645800113677978,249
KZ Cash USD,KZC-USD,2018-08-02,0.2655119895935058,0.2676180005073547,0.1743070036172866,0.1750569939613342,0.1750569939613342,337
KZ Cash USD,KZC-USD,2018-08-03,0.175038993358612,0.2265170067548751,0.151419997215271,0.15208800137043,0.15208800137043,350
KZ Cash USD,KZC-USD,2018-08-04,0.1523009985685348,0.2229969948530197,0.0764179974794387,0.0998530015349388,0.0998530015349388,139
KZ Cash USD,KZC-USD,2018-08-05,0.0998900011181831,0.1578969955444336,0.0986460000276565,0.1353150010108947,0.1353150010108947,164
KZ Cash USD,KZC-USD,2018-08-06,0.1354690045118332,0.1469119936227798,0.1301019936800003,0.1418289989233017,0.1418289989233017,358
KZ Cash USD,KZC-USD,2018-08-07,0.1417749971151352,0.2205930054187774,0.141525998711586,0.1466439962387085,0.1466439962387085,101
KZ Cash USD,KZC-USD,2018-08-08,0.1467210054397583,0.2054699957370758,0.1350850015878677,0.1417140066623687,0.1417140066623687,35
KZ Cash USD,KZC-USD,2018-08-09,0.141976997256279,0.1827619969844818,0.1373170018196106,0.1391039937734604,0.1391039937734604,58
KZ Cash USD,KZC-USD,2018-08-10,0.1389610022306442,0.1802970021963119,0.1356060057878494,0.1602640002965927,0.1602640002965927,1057
KZ Cash USD,KZC-USD,2018-08-11,0.1601109951734542,0.1809200048446655,0.1305350065231323,0.1411699950695037,0.1411699950695037,1007
KZ Cash USD,KZC-USD,2018-08-12,0.140746995806694,0.1837179958820343,0.1394210010766983,0.1432709991931915,0.1432709991931915,1632
KZ Cash USD,KZC-USD,2018-08-13,0.1432210057973861,0.1754319965839386,0.1330679953098297,0.1491619944572448,0.1491619944572448,386
KZ Cash USD,KZC-USD,2018-08-14,0.1472090035676956,0.1853650063276291,0.0789669975638389,0.1443910002708435,0.1443910002708435,448
KZ Cash USD,KZC-USD,2018-08-15,0.0989359989762306,0.1317210048437118,0.0799119994044303,0.1255459934473037,0.1255459934473037,693
KZ Cash USD,KZC-USD,2018-08-16,0.1253679990768432,0.1486950069665908,0.0706230029463768,0.0745289996266365,0.0745289996266365,721
KZ Cash USD,KZC-USD,2018-08-17,0.074534997344017,0.1308249980211258,0.0743660032749176,0.0987199991941452,0.0987199991941452,1318
KZ Cash USD,KZC-USD,2018-08-18,0.0989470034837722,0.1286199986934662,0.0957280024886131,0.1039049997925758,0.1039049997925758,23
KZ Cash USD,KZC-USD,2018-08-19,0.1039289981126785,0.1184950023889541,0.0908000022172927,0.0910750031471252,0.0910750031471252,1007
KZ Cash USD,KZC-USD,2018-08-20,0.094039000570774,0.1176759973168373,0.0917180031538009,0.1057950034737587,0.1057950034737587,129
KZ Cash USD,KZC-USD,2018-08-21,0.1058050021529197,0.1159219965338707,0.0788870006799697,0.0829980000853538,0.0829980000853538,247
KZ Cash USD,KZC-USD,2018-08-22,0.0830100029706955,0.1326179951429367,0.0827030017971992,0.1310999989509582,0.1310999989509582,873
KZ Cash USD,KZC-USD,2018-08-23,0.1311269998550415,0.1321270018815994,0.0871120020747184,0.1241850033402443,0.1241850033402443,134
KZ Cash USD,KZC-USD,2018-08-24,0.1242839992046356,0.1278530061244964,0.0945089980959892,0.1275019943714141,0.1275019943714141,193
KZ Cash USD,KZC-USD,2018-08-25,0.1272719949483871,0.1280039995908737,0.0871749967336654,0.0907490029931068,0.0907490029931068,4
KZ Cash USD,KZC-USD,2018-08-26,0.0909420028328895,0.1243560016155242,0.0887089967727661,0.1243560016155242,0.1243560016155242,51
KZ Cash USD,KZC-USD,2018-08-27,0.1242979988455772,0.1275479942560196,0.0885490030050277,0.1102029979228973,0.1102029979228973,99
KZ Cash USD,KZC-USD,2018-08-28,0.1100860014557838,0.1124619990587234,0.0973590016365051,0.1121750026941299,0.1121750026941299,82
KZ Cash USD,KZC-USD,2018-08-29,0.1122400015592575,0.112415000796318,0.0894569978117942,0.0904809981584549,0.0904809981584549,64
KZ Cash USD,KZC-USD,2018-08-30,0.0905079990625381,0.1088579967617988,0.0901399999856948,0.0929969996213913,0.0929969996213913,71
KZ Cash USD,KZC-USD,2018-08-31,0.0930479988455772,0.1109360009431839,0.0881609991192817,0.1106889992952346,0.1106889992952346,35
KZ Cash USD,KZC-USD,2018-09-01,0.110555000603199,0.1109640002250671,0.0811090022325515,0.0906739979982376,0.0906739979982376,27
KZ Cash USD,KZC-USD,2018-09-02,0.0907000005245208,0.1129409968852996,0.0898879989981651,0.1125499978661537,0.1125499978661537,234
KZ Cash USD,KZC-USD,2018-09-03,0.1125229969620704,0.112695001065731,0.0848520025610923,0.085827998816967,0.085827998816967,46
KZ Cash USD,KZC-USD,2018-09-04,0.085827998816967,0.1016850024461746,0.0825420022010803,0.0888760015368461,0.0888760015368461,159
KZ Cash USD,KZC-USD,2018-09-05,0.0889490023255348,0.0996719971299171,0.0849580019712448,0.0904949977993965,0.0904949977993965,180
KZ Cash USD,KZC-USD,2018-09-06,0.0906549990177154,0.0906549990177154,0.0757550001144409,0.0888409987092018,0.0888409987092018,858
KZ Cash USD,KZC-USD,2018-09-07,0.0887909978628158,0.1151970028877258,0.0886500030755996,0.109213002026081,0.109213002026081,1993
KZ Cash USD,KZC-USD,2018-09-08,0.1092260032892227,0.1264960020780563,0.0983399972319603,0.0985160022974014,0.0985160022974014,591
KZ Cash USD,KZC-USD,2018-09-09,0.0985139980912208,0.1274940073490142,0.09375,0.111625999212265,0.111625999212265,30759
KZ Cash USD,KZC-USD,2018-09-10,0.1115659996867179,0.1131979972124099,0.0876040011644363,0.1100009977817535,0.1100009977817535,32726
KZ Cash USD,KZC-USD,2018-09-11,0.1100009977817535,0.1100030019879341,0.0863789990544319,0.1059650033712387,0.1059650033712387,70
KZ Cash USD,KZC-USD,2018-09-12,0.1059769988059997,0.110334999859333,0.0818210020661354,0.1032219976186752,0.1032219976186752,421
KZ Cash USD,KZC-USD,2018-09-13,0.1032470017671585,0.1070669963955879,0.0879219993948936,0.0885590016841888,0.0885590016841888,434
KZ Cash USD,KZC-USD,2018-09-14,0.0885049998760223,0.1073480024933815,0.0772690027952194,0.0774120017886161,0.0774120017886161,256
KZ Cash USD,KZC-USD,2018-09-15,0.0773079991340637,0.1031579971313476,0.077114000916481,0.078415997326374,0.078415997326374,4
KZ Cash USD,KZC-USD,2018-09-16,0.07863699644804,0.0791850015521049,0.0772470012307167,0.0789270028471946,0.0789270028471946,76
KZ Cash USD,KZC-USD,2018-09-17,0.0791219994425773,0.0983679965138435,0.078584000468254,0.0818009972572326,0.0818009972572326,133
KZ Cash USD,KZC-USD,2018-09-18,0.0818049982190132,0.0941689983010292,0.0684959962964057,0.0761869996786117,0.0761869996786117,1028
KZ Cash USD,KZC-USD,2018-09-19,0.0762299969792366,0.0935190021991729,0.0740400031208992,0.0862239971756935,0.0862239971756935,1209
KZ Cash USD,KZC-USD,2018-09-20,0.0862620025873184,0.088028997182846,0.0706679970026016,0.0720790028572082,0.0720790028572082,109
KZ Cash USD,KZC-USD,2018-09-21,0.0720980018377304,0.1028430014848709,0.0719960033893585,0.0949200019240379,0.0949200019240379,803
KZ Cash USD,KZC-USD,2018-09-22,0.0949470028281211,0.1078869998455047,0.081725001335144,0.0819789990782737,0.0819789990782737,116
KZ Cash USD,KZC-USD,2018-09-23,0.0820780023932457,0.095780998468399,0.0801720023155212,0.0805710032582283,0.0805710032582283,124
KZ Cash USD,KZC-USD,2018-09-24,0.0805910006165504,0.096949003636837,0.0798899978399276,0.0899680033326149,0.0899680033326149,228
KZ Cash USD,KZC-USD,2018-09-25,0.0898739993572235,0.0899109989404678,0.0770260021090507,0.0868280008435249,0.0868280008435249,260
KZ Cash USD,KZC-USD,2018-09-26,0.0866879969835281,0.0868069976568222,0.0769969969987869,0.0777039974927902,0.0777039974927902,91
KZ Cash USD,KZC-USD,2018-09-27,0.077794998884201,0.0782620012760162,0.0717390030622482,0.0742369964718818,0.0742369964718818,64
KZ Cash USD,KZC-USD,2018-09-28,0.074253998696804,0.0755119994282722,0.0731299966573715,0.0744939967989921,0.0744939967989921,0
KZ Cash USD,KZC-USD,2018-09-29,0.0744509994983673,0.0888620018959045,0.072743996977806,0.0885690003633499,0.0885690003633499,118
KZ Cash USD,KZC-USD,2018-09-30,0.0885379984974861,0.0885810032486915,0.0724409967660904,0.0728140026330947,0.0728140026330947,227
KZ Cash USD,KZC-USD,2018-10-01,0.0725959986448288,0.0858960002660751,0.0655620023608207,0.065930999815464,0.065930999815464,187
KZ Cash USD,KZC-USD,2018-10-02,0.0657439976930618,0.0841870009899139,0.0655649974942207,0.0830970034003257,0.0830970034003257,272
KZ Cash USD,KZC-USD,2018-10-03,0.0831390023231506,0.0833619982004165,0.0658380016684532,0.0717109963297844,0.0717109963297844,222
KZ Cash USD,KZC-USD,2018-10-04,0.0717919990420341,0.0791829973459243,0.0715840011835098,0.0722400024533271,0.0722400024533271,48
KZ Cash USD,KZC-USD,2018-10-05,0.0724290013313293,0.0789629966020584,0.0720449984073638,0.0734660029411315,0.0734660029411315,95
KZ Cash USD,KZC-USD,2018-10-06,0.073631003499031,0.0841550007462501,0.0726609975099563,0.0731730014085769,0.0731730014085769,98
KZ Cash USD,KZC-USD,2018-10-07,0.0734440013766288,0.0831440016627311,0.0727360025048255,0.0732799991965293,0.0732799991965293,91
KZ Cash USD,KZC-USD,2018-10-08,0.0734530016779899,0.0822080001235008,0.0662679970264434,0.0662679970264434,0.0662679970264434,388
KZ Cash USD,KZC-USD,2018-10-09,0.0664979964494705,0.0819339975714683,0.0596159994602203,0.0702800005674362,0.0702800005674362,192
KZ Cash USD,KZC-USD,2018-10-10,0.070031002163887,0.1001230031251907,0.069871000945568,0.077735997736454,0.077735997736454,123
KZ Cash USD,KZC-USD,2018-10-11,0.0774910002946853,0.092578001320362,0.0737200006842613,0.0857689976692199,0.0857689976692199,328
KZ Cash USD,KZC-USD,2018-10-12,0.0856980010867118,0.093079000711441,0.069702997803688,0.092798002064228,0.092798002064228,494
KZ Cash USD,KZC-USD,2018-10-13,0.092799998819828,0.0932170003652572,0.0759029984474182,0.0765869989991188,0.0765869989991188,80
KZ Cash USD,KZC-USD,2018-10-14,0.076114997267723,0.0767420008778572,0.0717789977788925,0.0720599964261055,0.0720599964261055,12
KZ Cash USD,KZC-USD,2018-10-15,0.0721400007605552,0.1250070035457611,0.0716390013694763,0.084875002503395,0.084875002503395,383
KZ Cash USD,KZC-USD,2018-10-16,0.084815002977848,0.0862839967012405,0.0787520036101341,0.0790710002183914,0.0790710002183914,18
KZ Cash USD,KZC-USD,2018-10-17,0.0793429985642433,0.0846119970083236,0.0779760032892227,0.0841839984059333,0.0841839984059333,39
KZ Cash USD,KZC-USD,2018-10-18,0.0845070034265518,0.1032589972019195,0.0785669982433319,0.0865480005741119,0.0865480005741119,169
KZ Cash USD,KZC-USD,2018-10-19,0.0865420028567314,0.0866400003433227,0.0763150006532669,0.0768690034747123,0.0768690034747123,103
KZ Cash USD,KZC-USD,2018-10-20,0.0768740028142929,0.0784510001540184,0.0766810029745101,0.07829499989748,0.07829499989748,40
KZ Cash USD,KZC-USD,2018-10-21,0.0783130005002021,0.0789339989423751,0.0771379992365837,0.0776560008525848,0.0776560008525848,160
KZ Cash USD,KZC-USD,2018-10-22,0.0776199996471405,0.0905900001525878,0.0767460018396377,0.0768489986658096,0.0768489986658096,116
KZ Cash USD,KZC-USD,2018-10-23,0.0768430009484291,0.0855629965662956,0.0764899998903274,0.0799150019884109,0.0799150019884109,50
KZ Cash USD,KZC-USD,2018-10-24,0.0796419978141784,0.0860399976372718,0.0751409977674484,0.0850640013813972,0.0850640013813972,45
KZ Cash USD,KZC-USD,2018-10-25,0.085376001894474,0.0859450027346611,0.0786420032382011,0.0790549963712692,0.0790549963712692,24
KZ Cash USD,KZC-USD,2018-10-26,0.0794359967112541,0.0876139998435974,0.079134002327919,0.0793270021677017,0.0793270021677017,50
KZ Cash USD,KZC-USD,2018-10-27,0.0792469978332519,0.0794200003147125,0.0773739963769912,0.0774430036544799,0.0774430036544799,8
KZ Cash USD,KZC-USD,2018-10-28,0.0778380036354065,0.0779429972171783,0.0763370022177696,0.0776650011539459,0.0776650011539459,14
KZ Cash USD,KZC-USD,2018-10-29,0.0772870033979415,0.0776510015130043,0.075483001768589,0.0759790018200874,0.0759790018200874,15
KZ Cash USD,KZC-USD,2018-10-30,0.0759890004992485,0.0781060010194778,0.0734260007739067,0.0778999999165535,0.0778999999165535,101
KZ Cash USD,KZC-USD,2018-10-31,0.0735479965806007,0.0753839984536171,0.0714970007538795,0.0753839984536171,0.0753839984536171,96
KZ Cash USD,KZC-USD,2018-11-01,0.0753839984536171,0.0760689973831176,0.0749000012874603,0.0749000012874603,0.0749000012874603,39
KZ Cash USD,KZC-USD,2018-11-02,0.0749000012874603,0.077512003481388,0.0660220012068748,0.0693309977650642,0.0693309977650642,37
KZ Cash USD,KZC-USD,2018-11-03,0.0693309977650642,0.0765139982104301,0.0687680020928382,0.0765139982104301,0.0765139982104301,34
KZ Cash USD,KZC-USD,2018-11-04,0.0765139982104301,0.0765139982104301,0.073244996368885,0.0740159973502159,0.0740159973502159,639
KZ Cash USD,KZC-USD,2018-11-05,0.0740159973502159,0.0837490037083625,0.0643130019307136,0.0677289962768554,0.0677289962768554,438
KZ Cash USD,KZC-USD,2018-11-06,0.0680010020732879,0.0774670019745826,0.0640870034694671,0.0654700025916099,0.0654700025916099,638
KZ Cash USD,KZC-USD,2018-11-07,0.0654689967632293,0.0662399977445602,0.065200999379158,0.0660109966993331,0.0660109966993331,641
KZ Cash USD,KZC-USD,2018-11-08,0.0660319998860359,0.0660319998860359,0.0660319998860359,0.0660319998860359,0.0660319998860359,0
KZ Cash USD,KZC-USD,2018-11-09,0.0660319998860359,0.0781669989228248,0.0660319998860359,0.0778080001473426,0.0778080001473426,4701
KZ Cash USD,KZC-USD,2018-11-10,0.0777989998459816,0.11820799857378,0.0704019963741302,0.071431003510952,0.071431003510952,35954
KZ Cash USD,KZC-USD,2018-11-11,0.0713770017027854,0.1026879996061325,0.0674479976296424,0.0676959976553917,0.0676959976553917,1268
KZ Cash USD,KZC-USD,2018-11-12,0.0680209994316101,0.084756001830101,0.0677570030093193,0.070542998611927,0.070542998611927,825
KZ Cash USD,KZC-USD,2018-11-13,0.0703139975666999,0.0722360014915466,0.0699300020933151,0.0703430026769638,0.0703430026769638,404
KZ Cash USD,KZC-USD,2018-11-14,0.0701740011572837,0.0703060030937194,0.0626429989933967,0.0671809986233711,0.0671809986233711,190
KZ Cash USD,KZC-USD,2018-11-15,0.0673540011048317,0.0705960020422935,0.0619449988007545,0.0635119974613189,0.0635119974613189,631
KZ Cash USD,KZC-USD,2018-11-16,0.0634929984807968,0.0685880035161972,0.0591479986906051,0.068412996828556,0.068412996828556,384
KZ Cash USD,KZC-USD,2018-11-17,0.0685509964823722,0.074083998799324,0.0604819990694522,0.0664509981870651,0.0664509981870651,81
KZ Cash USD,KZC-USD,2018-11-18,0.0666960030794143,0.0748350024223327,0.060113999992609,0.0612910017371177,0.0612910017371177,120
KZ Cash USD,KZC-USD,2018-11-19,0.0613089986145496,0.0694580003619194,0.0563200004398822,0.0566349998116493,0.0566349998116493,583
KZ Cash USD,KZC-USD,2018-11-20,0.0563950017094612,0.0577149987220764,0.0454979985952377,0.0469449982047081,0.0469449982047081,165
KZ Cash USD,KZC-USD,2018-11-21,0.0469739995896816,0.0555230006575584,0.0459280014038085,0.0486899986863136,0.0486899986863136,118
KZ Cash USD,KZC-USD,2018-11-22,0.0485230013728141,0.0490060001611709,0.0442470014095306,0.0450880005955696,0.0450880005955696,290
KZ Cash USD,KZC-USD,2018-11-23,0.0448779985308647,0.0537550002336502,0.0438480004668235,0.0486089996993541,0.0486089996993541,381
KZ Cash USD,KZC-USD,2018-11-24,0.0485769994556903,0.0494269989430904,0.0415039993822574,0.0427850000560283,0.0427850000560283,221
KZ Cash USD,KZC-USD,2018-11-25,0.0427929982542991,0.0473750010132789,0.0408160015940666,0.0456489995121955,0.0456489995121955,44
KZ Cash USD,KZC-USD,2018-11-26,0.0457420013844966,0.0495180003345012,0.0379819981753826,0.0392449982464313,0.0392449982464313,192
KZ Cash USD,KZC-USD,2018-11-27,0.0392209999263286,0.0396040007472038,0.0376229993999004,0.0380039997398853,0.0380039997398853,264
KZ Cash USD,KZC-USD,2018-11-28,0.0380359999835491,0.0520399995148181,0.0361590012907981,0.0494790002703666,0.0494790002703666,141
KZ Cash USD,KZC-USD,2018-11-29,0.0496830008924007,0.0508290007710456,0.0412110015749931,0.0416599996387958,0.0416599996387958,5
KZ Cash USD,KZC-USD,2018-11-30,0.0417580008506774,0.0550919994711875,0.0401870012283325,0.0461830012500286,0.0461830012500286,130
KZ Cash USD,KZC-USD,2018-12-01,0.046314001083374,0.0472959987819194,0.0403649993240833,0.0406620018184185,0.0406620018184185,46
KZ Cash USD,KZC-USD,2018-12-02,0.0406330004334449,0.0459950007498264,0.0391030013561248,0.0401210002601146,0.0401210002601146,24
KZ Cash USD,KZC-USD,2018-12-03,0.0403489992022514,0.0471279993653297,0.0358499996364116,0.0368430018424987,0.0368430018424987,66
KZ Cash USD,KZC-USD,2018-12-04,0.0368160009384155,0.0553239993751049,0.0363980010151863,0.0439990013837814,0.0439990013837814,37
KZ Cash USD,KZC-USD,2018-12-05,0.0440459996461868,0.0518959984183311,0.0404749996960163,0.051401998847723,0.051401998847723,72
KZ Cash USD,KZC-USD,2018-12-06,0.0513809993863105,0.0517640002071857,0.0374399982392787,0.0374399982392787,0.0374399982392787,116
KZ Cash USD,KZC-USD,2018-12-07,0.037381999194622,0.0396189987659454,0.0358989983797073,0.0380790010094642,0.0380790010094642,140
KZ Cash USD,KZC-USD,2018-12-08,0.0380750000476837,0.0385820008814334,0.0357990004122257,0.0372139997780323,0.0372139997780323,17
KZ Cash USD,KZC-USD,2018-12-09,0.0371050015091896,0.0387389995157718,0.0363809987902641,0.038051001727581,0.038051001727581,76
KZ Cash USD,KZC-USD,2018-12-10,0.0379900000989437,0.039241999387741,0.0367049984633922,0.0376509986817836,0.0376509986817836,24
KZ Cash USD,KZC-USD,2018-12-11,0.0376470014452934,0.0437659993767738,0.0372689999639987,0.0407200008630752,0.0407200008630752,55
KZ Cash USD,KZC-USD,2018-12-12,0.0407619997859001,0.0412110015749931,0.0366600006818771,0.0377679988741874,0.0377679988741874,30
KZ Cash USD,KZC-USD,2018-12-13,0.0378459990024566,0.0424310006201267,0.0314619988203048,0.0334980003535747,0.0334980003535747,508
KZ Cash USD,KZC-USD,2018-12-14,0.0334810018539428,0.0339279994368553,0.0308379996567964,0.0335270017385482,0.0335270017385482,18
KZ Cash USD,KZC-USD,2018-12-15,0.0335519984364509,0.0340620018541812,0.0321270003914833,0.032999001443386,0.032999001443386,11
KZ Cash USD,KZC-USD,2018-12-16,0.0331769995391368,0.0339730009436607,0.0325339995324611,0.0335129983723163,0.0335129983723163,15
KZ Cash USD,KZC-USD,2018-12-17,0.0335469990968704,0.0366670005023479,0.032965999096632,0.0360880009829998,0.0360880009829998,24
KZ Cash USD,KZC-USD,2018-12-18,0.0361320003867149,0.0459749996662139,0.0360880009829998,0.0437770001590251,0.0437770001590251,20
KZ Cash USD,KZC-USD,2018-12-19,0.0438259989023208,0.0446560010313987,0.0369499996304512,0.0371549986302852,0.0371549986302852,79
KZ Cash USD,KZC-USD,2018-12-20,0.0370629988610744,0.0417580008506774,0.0365189984440803,0.0381099991500377,0.0381099991500377,67
KZ Cash USD,KZC-USD,2018-12-21,0.0380109995603561,0.0384990014135837,0.0318580009043216,0.0356220006942749,0.0356220006942749,137
KZ Cash USD,KZC-USD,2018-12-22,0.0356630012392997,0.0410819984972476,0.0353190004825592,0.0376139990985393,0.0376139990985393,101
KZ Cash USD,KZC-USD,2018-12-23,0.0377870015799999,0.0413889996707439,0.0374570004642009,0.0396619997918605,0.0396619997918605,21
KZ Cash USD,KZC-USD,2018-12-24,0.0397710017859935,0.0422869995236396,0.03940200060606,0.0396299995481967,0.0396299995481967,67
KZ Cash USD,KZC-USD,2018-12-25,0.0397260002791881,0.0417460016906261,0.0368690006434917,0.0396669991314411,0.0396669991314411,48
KZ Cash USD,KZC-USD,2018-12-26,0.0396640002727508,0.0423079989850521,0.0368940010666847,0.0391889996826648,0.0391889996826648,46
KZ Cash USD,KZC-USD,2018-12-27,0.0391619987785816,0.0394299998879432,0.0352980010211467,0.0360580012202262,0.0360580012202262,85
KZ Cash USD,KZC-USD,2018-12-28,0.0360930003225803,0.0480399988591671,0.0360199995338916,0.0418619997799396,0.0418619997799396,62
KZ Cash USD,KZC-USD,2018-12-29,0.0419269986450672,0.0426429994404315,0.0395929999649524,0.0422049984335899,0.0422049984335899,241
KZ Cash USD,KZC-USD,2018-12-30,0.042247999459505,0.0482660010457038,0.0398040004074573,0.0441740006208419,0.0441740006208419,22
KZ Cash USD,KZC-USD,2018-12-31,0.0442279987037181,0.046119000762701,0.0396040007472038,0.0441749989986419,0.0441749989986419,14
KZ Cash USD,KZC-USD,2019-01-01,0.0442630015313625,0.045448001474142,0.0397569984197616,0.04415800049901,0.04415800049901,8
KZ Cash USD,KZC-USD,2019-01-02,0.0442400015890598,0.0442400015890598,0.0386569984257221,0.0391959995031356,0.0391959995031356,10
KZ Cash USD,KZC-USD,2019-01-03,0.0392290018498897,0.0452019982039928,0.038366001099348,0.045049000531435,0.045049000531435,19
KZ Cash USD,KZC-USD,2019-01-04,0.0450860001146793,0.0450860001146793,0.0380770005285739,0.0385940000414848,0.0385940000414848,56
KZ Cash USD,KZC-USD,2019-01-05,0.0384929999709129,0.0448589995503425,0.0374349988996982,0.0447460003197193,0.0447460003197193,18
KZ Cash USD,KZC-USD,2019-01-06,0.0447460003197193,0.0535949990153312,0.0447460003197193,0.0528509989380836,0.0528509989380836,167
KZ Cash USD,KZC-USD,2019-01-07,0.0528640002012252,0.0530259981751441,0.0416450016200542,0.0440840013325214,0.0440840013325214,24
KZ Cash USD,KZC-USD,2019-01-08,0.0441510006785392,0.0487999990582466,0.0437950007617473,0.0450860001146793,0.0450860001146793,80
KZ Cash USD,KZC-USD,2019-01-09,0.045168001204729,0.0518449991941452,0.0450379997491836,0.0481440015137195,0.0481440015137195,195
KZ Cash USD,KZC-USD,2019-01-10,0.0481799989938735,0.0485090017318725,0.0351219996809959,0.0358310006558895,0.0358310006558895,235
KZ Cash USD,KZC-USD,2019-01-11,0.0358229987323284,0.0366239994764328,0.0355900004506111,0.036201000213623,0.036201000213623,3
KZ Cash USD,KZC-USD,2019-01-12,0.036166001111269,0.0366449989378452,0.0356040000915527,0.0364799983799457,0.0364799983799457,9
KZ Cash USD,KZC-USD,2019-01-13,0.0364469997584819,0.0460570007562637,0.0362690016627311,0.0459440015256404,0.0459440015256404,18
KZ Cash USD,KZC-USD,2019-01-14,0.0459670014679431,0.0459760017693042,0.0368559993803501,0.0369670018553733,0.0369670018553733,86
KZ Cash USD,KZC-USD,2019-01-15,0.0376410000026226,0.0444299988448619,0.0327210016548633,0.0348059982061386,0.0348059982061386,20
KZ Cash USD,KZC-USD,2019-01-16,0.0347810015082359,0.0417199991643428,0.0340830013155937,0.0413650013506412,0.0413650013506412,122
KZ Cash USD,KZC-USD,2019-01-17,0.0413670018315315,0.0414500012993812,0.036116000264883,0.0362950004637241,0.0362950004637241,314
KZ Cash USD,KZC-USD,2019-01-18,0.0362830013036727,0.0415359996259212,0.0360760018229484,0.0379550009965896,0.0379550009965896,16
KZ Cash USD,KZC-USD,2019-01-19,0.0379620008170604,0.0417959988117218,0.0366079993546009,0.0400959998369216,0.0400959998369216,143
KZ Cash USD,KZC-USD,2019-01-20,0.040056999772787,0.0405980013310909,0.0332110002636909,0.0339060015976429,0.0339060015976429,85
KZ Cash USD,KZC-USD,2019-01-21,0.0338420011103153,0.0428950004279613,0.033610001206398,0.0383800007402896,0.0383800007402896,52
KZ Cash USD,KZC-USD,2019-01-22,0.0384030006825923,0.0446450002491474,0.0362190008163452,0.0393729992210865,0.0393729992210865,932
KZ Cash USD,KZC-USD,2019-01-23,0.0393849983811378,0.0393889993429183,0.0364440008997917,0.0368340015411376,0.0368340015411376,985
KZ Cash USD,KZC-USD,2019-01-24,0.0368370003998279,0.0420209988951683,0.0347919985651969,0.042018000036478,0.042018000036478,132
KZ Cash USD,KZC-USD,2019-01-25,0.0420130006968975,0.0425300002098083,0.0406309999525547,0.041287001222372,0.041287001222372,85
KZ Cash USD,KZC-USD,2019-01-26,0.0412859991192817,0.0412929989397525,0.0390589982271194,0.0406880006194114,0.0406880006194114,306
KZ Cash USD,KZC-USD,2019-01-27,0.0407340005040168,0.0498640015721321,0.0406260006129741,0.0470269992947578,0.0470269992947578,1697
KZ Cash USD,KZC-USD,2019-01-28,0.04704499989748,0.047054998576641,0.0398639999330043,0.0424100011587142,0.0424100011587142,585
KZ Cash USD,KZC-USD,2019-01-29,0.0424549989402294,0.0425750017166137,0.0407139994204044,0.0414879992604255,0.0414879992604255,643
KZ Cash USD,KZC-USD,2019-01-30,0.0415120013058185,0.0423660017549991,0.0395389981567859,0.0423500016331672,0.0423500016331672,538
KZ Cash USD,KZC-USD,2019-01-31,0.0423500016331672,0.0445940010249614,0.0390460006892681,0.0398249998688697,0.0398249998688697,101
KZ Cash USD,KZC-USD,2019-02-01,0.0398290008306503,0.0419859997928142,0.0393729992210865,0.0401960015296936,0.0401960015296936,103
KZ Cash USD,KZC-USD,2019-02-02,0.0401819981634616,0.040327001363039,0.0374809987843036,0.0378899984061718,0.0378899984061718,788
KZ Cash USD,KZC-USD,2019-02-03,0.0376319997012615,0.042213000357151,0.0374949984252452,0.0375499986112117,0.0375499986112117,440
KZ Cash USD,KZC-USD,2019-02-04,0.0375620014965534,0.0454059988260269,0.0371310003101825,0.0436509996652603,0.0436509996652603,554
KZ Cash USD,KZC-USD,2019-02-05,0.0436149984598159,0.0442019999027252,0.0375799983739852,0.0388559997081756,0.0388559997081756,213
KZ Cash USD,KZC-USD,2019-02-06,0.0388889983296394,0.0433459989726543,0.0380770005285739,0.0398820005357265,0.0398820005357265,599
KZ Cash USD,KZC-USD,2019-02-07,0.0398840010166168,0.0456589981913566,0.036991000175476,0.037016998976469,0.037016998976469,502
KZ Cash USD,KZC-USD,2019-02-08,0.0370189994573593,0.0417519994080066,0.0369700007140636,0.0392820015549659,0.0392820015549659,463
KZ Cash USD,KZC-USD,2019-02-09,0.0392629988491535,0.0397780016064643,0.0317149981856346,0.0381079986691474,0.0381079986691474,458
KZ Cash USD,KZC-USD,2019-02-10,0.0381189994513988,0.0408999994397163,0.0370559990406036,0.0388219989836216,0.0388219989836216,432
KZ Cash USD,KZC-USD,2019-02-11,0.0388109982013702,0.0400310009717941,0.0352629981935024,0.0356939993798732,0.0356939993798732,606
KZ Cash USD,KZC-USD,2019-02-12,0.0357059985399246,0.0371939986944198,0.0353670008480548,0.0356229990720748,0.0356229990720748,472
KZ Cash USD,KZC-USD,2019-02-13,0.035615000873804,0.0356360003352165,0.0340659990906715,0.0354869998991489,0.0354869998991489,855
KZ Cash USD,KZC-USD,2019-02-14,0.0354739986360073,0.0358919985592365,0.0335370004177093,0.0335399992763996,0.0335399992763996,605
KZ Cash USD,KZC-USD,2019-02-15,0.0335390008985996,0.0345080010592937,0.0326570011675357,0.0342499986290931,0.0342499986290931,480
KZ Cash USD,KZC-USD,2019-02-16,0.0342530012130737,0.035801000893116,0.0338499993085861,0.0347720012068748,0.0347720012068748,360
KZ Cash USD,KZC-USD,2019-02-17,0.0347589999437332,0.0376419983804225,0.0337829999625682,0.0348059982061386,0.0348059982061386,337
KZ Cash USD,KZC-USD,2019-02-18,0.0348110012710094,0.0388650000095367,0.0328160002827644,0.0328599996864795,0.0328599996864795,967
KZ Cash USD,KZC-USD,2019-02-19,0.0328710004687309,0.0349459983408451,0.0324309989809989,0.0349459983408451,0.0349459983408451,461
KZ Cash USD,KZC-USD,2019-02-20,0.0349429994821548,0.0379040017724037,0.034630000591278,0.0365389995276927,0.0365389995276927,245
KZ Cash USD,KZC-USD,2019-02-21,0.0365319997072219,0.0371720008552074,0.0341380015015602,0.036456000059843,0.036456000059843,389
KZ Cash USD,KZC-USD,2019-02-22,0.0364490002393722,0.0366190001368522,0.0320469997823238,0.0327840000391006,0.0327840000391006,821
KZ Cash USD,KZC-USD,2019-02-23,0.0327560007572174,0.0361469984054565,0.0317910015583038,0.0319259986281394,0.0319259986281394,138
KZ Cash USD,KZC-USD,2019-02-24,0.0338630005717277,0.0358840003609657,0.0315029993653297,0.0357370004057884,0.0357370004057884,905
KZ Cash USD,KZC-USD,2019-02-25,0.0356899984180927,0.0361340008676052,0.033840999007225,0.0340010002255439,0.0340010002255439,621
KZ Cash USD,KZC-USD,2019-02-26,0.0339809991419315,0.0343669988214969,0.0329499989748001,0.0332770012319088,0.0332770012319088,203
KZ Cash USD,KZC-USD,2019-02-27,0.033280998468399,0.0346990004181861,0.0320889987051487,0.0337990000844001,0.0337990000844001,245
KZ Cash USD,KZC-USD,2019-02-28,0.0338039994239807,0.0364859998226165,0.0333379991352558,0.0363470017910003,0.0363470017910003,1107
KZ Cash USD,KZC-USD,2019-03-01,0.0363349989056587,0.0365080013871192,0.0339149981737136,0.0345380008220672,0.0345380008220672,177
KZ Cash USD,KZC-USD,2019-03-02,0.0345369987189769,0.0352369993925094,0.0339349992573261,0.0340690016746521,0.0340690016746521,142
KZ Cash USD,KZC-USD,2019-03-03,0.034060999751091,0.0345430001616478,0.0325840003788471,0.0326130017638206,0.0326130017638206,202
KZ Cash USD,KZC-USD,2019-03-04,0.0325939990580081,0.0338229984045028,0.0315259993076324,0.0316959992051124,0.0316959992051124,1187
KZ Cash USD,KZC-USD,2019-03-05,0.0316930003464221,0.0317430011928081,0.0261599998921155,0.0292419996112585,0.0292419996112585,2091
KZ Cash USD,KZC-USD,2019-03-06,0.0292279999703168,0.0292760003358125,0.0265420004725456,0.0270429998636245,0.0270429998636245,415
KZ Cash USD,KZC-USD,2019-03-07,0.0270709991455078,0.0296209994703531,0.0270489994436502,0.0291510000824928,0.0291510000824928,392
KZ Cash USD,KZC-USD,2019-03-08,0.0291530005633831,0.0320729985833168,0.0283059999346733,0.0285170003771781,0.0285170003771781,218
KZ Cash USD,KZC-USD,2019-03-09,0.028516000136733,0.034070998430252,0.0285149998962879,0.0328230001032352,0.0328230001032352,94
KZ Cash USD,KZC-USD,2019-03-10,0.0328239984810352,0.0328239984810352,0.0280559994280338,0.0293649993836879,0.0293649993836879,351
KZ Cash USD,KZC-USD,2019-03-11,0.0293639991432428,0.0318939983844757,0.0245580002665519,0.0271199997514486,0.0271199997514486,899
KZ Cash USD,KZC-USD,2019-03-12,0.0271189995110034,0.0307020004838705,0.0256399996578693,0.0306560005992651,0.0306560005992651,780
KZ Cash USD,KZC-USD,2019-03-13,0.0306759998202323,0.0347199998795986,0.0302039999514818,0.0329170003533363,0.0329170003533363,375
KZ Cash USD,KZC-USD,2019-03-14,0.032914001494646,0.0333920009434223,0.02764100022614,0.0296429991722106,0.0296429991722106,421
KZ Cash USD,KZC-USD,2019-03-15,0.0296330004930496,0.0297320000827312,0.027420999482274,0.0290869995951652,0.0290869995951652,570
KZ Cash USD,KZC-USD,2019-03-16,0.0290859993547201,0.0311290007084608,0.0273289997130632,0.0287769995629787,0.0287769995629787,513
KZ Cash USD,KZC-USD,2019-03-17,0.0287779998034238,0.0311789996922016,0.0274669993668794,0.0311609990894794,0.0311609990894794,115
KZ Cash USD,KZC-USD,2019-03-18,0.0311670005321502,0.0333740003407001,0.0286309998482465,0.0310249999165534,0.0310249999165534,523
KZ Cash USD,KZC-USD,2019-03-19,0.0310249999165534,0.032515998929739,0.0295710004866123,0.0313480012118816,0.0313480012118816,454
KZ Cash USD,KZC-USD,2019-03-20,0.0313530005514621,0.0320330001413822,0.0281569994986057,0.0302680004388093,0.0302680004388093,832
KZ Cash USD,KZC-USD,2019-03-21,0.0302719995379447,0.0339620001614093,0.029619000852108,0.0296250004321336,0.0296250004321336,329
KZ Cash USD,KZC-USD,2019-03-22,0.0296199992299079,0.0305410008877515,0.029339000582695,0.0304879993200302,0.0304879993200302,341
KZ Cash USD,KZC-USD,2019-03-23,0.0304840002208948,0.0329389981925487,0.0300060007721185,0.0322219990193843,0.0322219990193843,248
KZ Cash USD,KZC-USD,2019-03-24,0.0322210006415843,0.0332489982247352,0.0312969982624053,0.0321349985897541,0.0321349985897541,211
KZ Cash USD,KZC-USD,2019-03-25,0.0321400016546249,0.0321430005133152,0.0291300006210804,0.0311479996889829,0.0311479996889829,463
KZ Cash USD,KZC-USD,2019-03-26,0.031131999567151,0.0316670015454292,0.027870999649167,0.0306940004229545,0.0306940004229545,289
KZ Cash USD,KZC-USD,2019-03-27,0.0306969992816448,0.0316689983010292,0.0283599998801946,0.0314089991152286,0.0314089991152286,509
KZ Cash USD,KZC-USD,2019-03-28,0.0314089991152286,0.0322199985384941,0.0298670008778572,0.0313929989933967,0.0313929989933967,218
KZ Cash USD,KZC-USD,2019-03-29,0.0313929989933967,0.0326399989426136,0.0292189996689558,0.0325470007956028,0.0325470007956028,272
KZ Cash USD,KZC-USD,2019-03-30,0.0325409993529319,0.0336770005524158,0.0292029995471239,0.0292169991880655,0.0292169991880655,307
KZ Cash USD,KZC-USD,2019-03-31,0.0292169991880655,0.035530999302864,0.0292169991880655,0.0311220008879899,0.0311220008879899,212
KZ Cash USD,KZC-USD,2019-04-01,0.0311159994453191,0.0318050011992454,0.0277309995144605,0.0295480005443096,0.0295480005443096,1215
KZ Cash USD,KZC-USD,2019-04-02,0.0295490007847547,0.0323770008981227,0.0273410007357597,0.0319239981472492,0.0319239981472492,531
KZ Cash USD,KZC-USD,2019-04-03,0.0319250002503395,0.0320039987564086,0.0272279996424913,0.0292130000889301,0.0292130000889301,1523
KZ Cash USD,KZC-USD,2019-04-04,0.0292130000889301,0.0317820012569427,0.0292050000280141,0.0296170003712177,0.0296170003712177,703
KZ Cash USD,KZC-USD,2019-04-05,0.0296160001307725,0.0319080017507076,0.0278580002486705,0.0307609997689723,0.0307609997689723,497
KZ Cash USD,KZC-USD,2019-04-06,0.0307609997689723,0.0343389995396137,0.0306439995765686,0.0342039987444877,0.0342039987444877,194
KZ Cash USD,KZC-USD,2019-04-07,0.0342009998857975,0.0349389985203743,0.0309260003268718,0.0309570003300905,0.0309570003300905,650
KZ Cash USD,KZC-USD,2019-04-08,0.0309580005705356,0.031174000352621,0.0283669997006654,0.0294429995119571,0.0294429995119571,546
KZ Cash USD,KZC-USD,2019-04-09,0.0294429995119571,0.0345130003988742,0.0294429995119571,0.0343540012836456,0.0343540012836456,993
KZ Cash USD,KZC-USD,2019-04-10,0.0343540012836456,0.0343540012836456,0.0293959993869066,0.0318600013852119,0.0318600013852119,1480
KZ Cash USD,KZC-USD,2019-04-11,0.0318609997630119,0.0328850001096725,0.0297870002686977,0.032235998660326,0.032235998660326,586
KZ Cash USD,KZC-USD,2019-04-12,0.032235000282526,0.0345810018479824,0.0308469999581575,0.0335309989750385,0.0335309989750385,218
KZ Cash USD,KZC-USD,2019-04-13,0.0335309989750385,0.0339489988982677,0.0325409993529319,0.0327479988336563,0.0327479988336563,277
KZ Cash USD,KZC-USD,2019-04-14,0.0327479988336563,0.0339090004563331,0.0319570004940032,0.0319619998335838,0.0319619998335838,358
KZ Cash USD,KZC-USD,2019-04-15,0.0319619998335838,0.0352640002965927,0.0319270007312297,0.0337370000779628,0.0337370000779628,262
KZ Cash USD,KZC-USD,2019-04-16,0.0337360017001628,0.0351440012454986,0.0324519984424114,0.0351440012454986,0.0351440012454986,170
KZ Cash USD,KZC-USD,2019-04-17,0.0351429991424083,0.0364490002393722,0.032634001225233,0.033695999532938,0.033695999532938,332
KZ Cash USD,KZC-USD,2019-04-18,0.0336970016360282,0.0347459986805915,0.0319279991090297,0.0347330011427402,0.0347330011427402,193
KZ Cash USD,KZC-USD,2019-04-19,0.0347319990396499,0.0347350016236305,0.0322050005197525,0.0322800017893314,0.0322800017893314,294
KZ Cash USD,KZC-USD,2019-04-20,0.0322800017893314,0.0330169983208179,0.0315070003271102,0.0324129983782768,0.0324129983782768,336
KZ Cash USD,KZC-USD,2019-04-21,0.0324169993400573,0.0335259996354579,0.0312619991600513,0.0334729999303817,0.0334729999303817,218
KZ Cash USD,KZC-USD,2019-04-22,0.0334709994494915,0.0343879982829093,0.0330789983272552,0.0338860005140304,0.0338860005140304,261
KZ Cash USD,KZC-USD,2019-04-23,0.0338880009949207,0.0341710001230239,0.0324839986860752,0.0338010005652904,0.0338010005652904,278
KZ Cash USD,KZC-USD,2019-04-24,0.0337990000844001,0.0340510010719299,0.0304429996758699,0.0322499983012676,0.0322499983012676,607
KZ Cash USD,KZC-USD,2019-04-25,0.0322480015456676,0.0335379987955093,0.0315699987113475,0.0316560007631778,0.0316560007631778,340
KZ Cash USD,KZC-USD,2019-04-26,0.0316849984228611,0.032379999756813,0.0291280001401901,0.0323459990322589,0.0323459990322589,507
KZ Cash USD,KZC-USD,2019-04-27,0.0323470011353492,0.0328539982438087,0.030902000144124,0.0328329987823963,0.0328329987823963,262
KZ Cash USD,KZC-USD,2019-04-28,0.0328320004045963,0.0329839996993541,0.0307340007275342,0.0325209982693195,0.0325209982693195,406
KZ Cash USD,KZC-USD,2019-04-29,0.0325229987502098,0.0332410000264644,0.0239499993622303,0.0289869997650384,0.0289869997650384,4251
KZ Cash USD,KZC-USD,2019-04-30,0.0289869997650384,0.032770998775959,0.0287050008773803,0.0317620001733303,0.0317620001733303,1436
KZ Cash USD,KZC-USD,2019-05-01,0.03175999969244,0.0329909995198249,0.0272909998893737,0.0329620018601417,0.0329620018601417,369
KZ Cash USD,KZC-USD,2019-05-02,0.0329620018601417,0.0331710018217563,0.0302649997174739,0.0322789996862411,0.0322789996862411,296
KZ Cash USD,KZC-USD,2019-05-03,0.0322789996862411,0.0329909995198249,0.0314240008592605,0.0317780002951622,0.0317780002951622,355
KZ Cash USD,KZC-USD,2019-05-04,0.0317780002951622,0.0342090018093586,0.029416000470519,0.0311830006539821,0.0311830006539821,393
KZ Cash USD,KZC-USD,2019-05-05,0.0311830006539821,0.031191999092698,0.0288740005344152,0.0310249999165534,0.0310249999165534,365
KZ Cash USD,KZC-USD,2019-05-06,0.0310249999165534,0.0326909981667995,0.0290639996528625,0.0291620008647441,0.0291620008647441,282
KZ Cash USD,KZC-USD,2019-05-07,0.0291620008647441,0.0304710008203983,0.0235120002180337,0.0272029992192983,0.0272029992192983,1407
KZ Cash USD,KZC-USD,2019-05-08,0.0272000003606081,0.030936999246478,0.0271889995783567,0.028346000239253,0.028346000239253,119
KZ Cash USD,KZC-USD,2019-05-09,0.028346000239253,0.0283640008419752,0.0251800008118152,0.0267110001295804,0.0267110001295804,389
KZ Cash USD,KZC-USD,2019-05-10,0.0267089996486902,0.0289799999445676,0.0257580000907182,0.0268549993634223,0.0268549993634223,328
KZ Cash USD,KZC-USD,2019-05-11,0.0268559996038675,0.0291770007461309,0.026825999841094,0.0276340004056692,0.0276340004056692,185
KZ Cash USD,KZC-USD,2019-05-12,0.0276360008865594,0.0294749997556209,0.0266950000077486,0.0292920004576444,0.0292920004576444,484
KZ Cash USD,KZC-USD,2019-05-13,0.0292920004576444,0.0307960007339715,0.0283119995146989,0.0307310000061988,0.0307310000061988,210
KZ Cash USD,KZC-USD,2019-05-14,0.0307310000061988,0.0308350007981061,0.0277050007134675,0.0296829994767904,0.0296829994767904,369
KZ Cash USD,KZC-USD,2019-05-15,0.0296810008585453,0.0296849999576807,0.0262989997863769,0.0265590008348226,0.0265590008348226,752
KZ Cash USD,KZC-USD,2019-05-16,0.0265609994530677,0.0289459992200136,0.0264159999787807,0.0289450008422136,0.0289450008422136,569
KZ Cash USD,KZC-USD,2019-05-17,0.0289440006017684,0.0291729997843503,0.0260860007256269,0.0261450000107288,0.0261450000107288,340
KZ Cash USD,KZC-USD,2019-05-18,0.0261450000107288,0.029076000675559,0.0261349994689226,0.0274449996650218,0.0274449996650218,178
KZ Cash USD,KZC-USD,2019-05-19,0.027445999905467,0.0322819985449314,0.0233629997819662,0.0273850001394748,0.0273850001394748,3362
KZ Cash USD,KZC-USD,2019-05-20,0.02738600037992,0.0285320002585649,0.0223239995539188,0.028201000764966,0.028201000764966,456
KZ Cash USD,KZC-USD,2019-05-21,0.0282000005245208,0.0282000005245208,0.0239039994776248,0.026172000914812,0.026172000914812,556
KZ Cash USD,KZC-USD,2019-05-22,0.026172000914812,0.02810899913311,0.0242550000548362,0.0270050000399351,0.0270050000399351,175
KZ Cash USD,KZC-USD,2019-05-23,0.0270009990781545,0.0270799994468688,0.0240759998559951,0.0266360007226467,0.0266360007226467,379
KZ Cash USD,KZC-USD,2019-05-24,0.0266360007226467,0.0286710001528263,0.0246130004525184,0.0263790003955364,0.0263790003955364,148
KZ Cash USD,KZC-USD,2019-05-25,0.0263790003955364,0.027182999998331,0.0232309997081756,0.0232839994132518,0.0232839994132518,641
KZ Cash USD,KZC-USD,2019-05-26,0.0232839994132518,0.0253800004720687,0.0229989998042583,0.0239870008081197,0.0239870008081197,222
KZ Cash USD,KZC-USD,2019-05-27,0.0239920001477003,0.0283989999443292,0.0233210008591413,0.0260049998760223,0.0260049998760223,1059
KZ Cash USD,KZC-USD,2019-05-28,0.026002999395132,0.0293630007654428,0.0220730006694793,0.025484999641776,0.025484999641776,396
KZ Cash USD,KZC-USD,2019-05-29,0.0254829991608858,0.0301590003073215,0.0252269990742206,0.0263420008122921,0.0263420008122921,191
KZ Cash USD,KZC-USD,2019-05-30,0.0263420008122921,0.0283170007169246,0.0233490001410245,0.0256159994751214,0.0256159994751214,238
KZ Cash USD,KZC-USD,2019-05-31,0.0256159994751214,0.0260990001261234,0.0237900000065565,0.0241069998592138,0.0241069998592138,142
KZ Cash USD,KZC-USD,2019-06-01,0.0241059996187686,0.0260419994592666,0.0238010007888078,0.0238669998943805,0.0238669998943805,176
KZ Cash USD,KZC-USD,2019-06-02,0.0238669998943805,0.025645999237895,0.0233859997242689,0.0254510007798671,0.0254510007798671,302
KZ Cash USD,KZC-USD,2019-06-03,0.0254519991576671,0.0254749990999698,0.0228640008717775,0.0233629997819662,0.0233629997819662,625
KZ Cash USD,KZC-USD,2019-06-04,0.0233539994806051,0.0291489996016025,0.0233479999005794,0.0290900003165006,0.0290900003165006,557
KZ Cash USD,KZC-USD,2019-06-05,0.0291120000183582,0.029391000047326,0.0232970006763935,0.0235089994966983,0.0235089994966983,192
KZ Cash USD,KZC-USD,2019-06-06,0.0235089994966983,0.0265980008989572,0.0199960004538297,0.0215770006179809,0.0215770006179809,365
KZ Cash USD,KZC-USD,2019-06-07,0.0215770006179809,0.0292179994285106,0.0213440004736185,0.0240930002182722,0.0240930002182722,556
KZ Cash USD,KZC-USD,2019-06-08,0.0240930002182722,0.0302300006151199,0.0240829996764659,0.0268200002610683,0.0268200002610683,831
KZ Cash USD,KZC-USD,2019-06-09,0.0268200002610683,0.029951000586152,0.0266249999403953,0.0285100005567073,0.0285100005567073,502
KZ Cash USD,KZC-USD,2019-06-10,0.0285010002553462,0.030979000031948,0.0213949996978044,0.025790000334382,0.025790000334382,3343
KZ Cash USD,KZC-USD,2019-06-11,0.025790000334382,0.0257920008152723,0.0217209998518228,0.0217240005731582,0.0217240005731582,592
KZ Cash USD,KZC-USD,2019-06-12,0.0217250008136034,0.0235200002789497,0.0217160005122423,0.0230340007692575,0.0230340007692575,468
KZ Cash USD,KZC-USD,2019-06-13,0.0230349991470575,0.0244290009140968,0.0210459996014833,0.0241870004683733,0.0241870004683733,897
KZ Cash USD,KZC-USD,2019-06-14,0.0241899993270635,0.0244280006736516,0.0214460007846355,0.0219899993389844,0.0219899993389844,372
KZ Cash USD,KZC-USD,2019-06-15,0.0219899993389844,0.0219899993389844,0.02021099999547,0.0202140007168054,0.0202140007168054,269
KZ Cash USD,KZC-USD,2019-06-16,0.0202140007168054,0.0226450003683567,0.0202099997550249,0.0221749991178512,0.0221749991178512,449
KZ Cash USD,KZC-USD,2019-06-17,0.0221800003200769,0.0227710008621215,0.020924000069499,0.0210159998387098,0.0210159998387098,308
KZ Cash USD,KZC-USD,2019-06-18,0.0210149995982646,0.0257680006325244,0.0207860004156827,0.0257569998502731,0.0257569998502731,350
KZ Cash USD,KZC-USD,2019-06-19,0.0257569998502731,0.0269159991294145,0.0235709995031356,0.0261140000075101,0.0261140000075101,464
KZ Cash USD,KZC-USD,2019-06-20,0.026112999767065,0.0319629982113838,0.026112999767065,0.0319599993526935,0.0319599993526935,371
KZ Cash USD,KZC-USD,2019-06-21,0.0319629982113838,0.0319680012762546,0.0266500003635883,0.0284889992326498,0.0284889992326498,1052
KZ Cash USD,KZC-USD,2019-06-22,0.0284889992326498,0.0285020004957914,0.0254209991544485,0.0266869999468326,0.0266869999468326,611
KZ Cash USD,KZC-USD,2019-06-23,0.0266880001872777,0.0352890007197856,0.0266830008476972,0.0280399993062019,0.0280399993062019,404
KZ Cash USD,KZC-USD,2019-06-24,0.0280399993062019,0.0323669984936714,0.0271530002355575,0.0283530000597238,0.0283530000597238,457
KZ Cash USD,KZC-USD,2019-06-25,0.0283530000597238,0.0303440000861883,0.0251969993114471,0.0254299994558095,0.0254299994558095,218
KZ Cash USD,KZC-USD,2019-06-26,0.0254299994558095,0.0263730008155107,0.0240000002086162,0.0260230004787445,0.0260230004787445,993
KZ Cash USD,KZC-USD,2019-06-27,0.0260230004787445,0.0275800004601478,0.0240519996732473,0.0275149997323751,0.0275149997323751,229
KZ Cash USD,KZC-USD,2019-06-28,0.0275149997323751,0.0276549998670816,0.0246910005807876,0.0247099995613098,0.0247099995613098,292
KZ Cash USD,KZC-USD,2019-06-29,0.0247109998017549,0.0265439990907907,0.0243289992213249,0.0253580007702112,0.0253580007702112,120
KZ Cash USD,KZC-USD,2019-06-30,0.0253529995679855,0.0269620008766651,0.0190990008413791,0.0260140001773834,0.0260140001773834,3911
KZ Cash USD,KZC-USD,2019-07-01,0.0260140001773834,0.0260249990969896,0.0212050005793571,0.0222260002046823,0.0222260002046823,564
KZ Cash USD,KZC-USD,2019-07-02,0.0222249999642372,0.022401999682188,0.0207349993288517,0.0217760000377893,0.0217760000377893,497
KZ Cash USD,KZC-USD,2019-07-03,0.0217760000377893,0.0319590009748935,0.0165020003914833,0.0221330001950263,0.0221330001950263,6605
KZ Cash USD,KZC-USD,2019-07-04,0.0221309997141361,0.0332529991865158,0.0219780001789331,0.0330080017447471,0.0330080017447471,1278
KZ Cash USD,KZC-USD,2019-07-05,0.0330080017447471,0.0341049991548061,0.0188829991966485,0.0188829991966485,0.0188829991966485,573
KZ Cash USD,KZC-USD,2019-07-06,0.0188829991966485,0.0231410004198551,0.0186030007898807,0.020788000896573,0.020788000896573,2031
KZ Cash USD,KZC-USD,2019-07-07,0.020788000896573,0.023124000057578,0.0194070003926754,0.019421000033617,0.019421000033617,602
KZ Cash USD,KZC-USD,2019-07-08,0.019421000033617,0.0221190005540847,0.0192770007997751,0.020686000585556,0.020686000585556,596
KZ Cash USD,KZC-USD,2019-07-09,0.0206870008260011,0.0227649994194507,0.0191980004310607,0.0206289999186992,0.0206289999186992,585
KZ Cash USD,KZC-USD,2019-07-10,0.0206289999186992,0.0224500000476837,0.0184690002351999,0.022384999319911,0.022384999319911,384
KZ Cash USD,KZC-USD,2019-07-11,0.0223839990794658,0.0227339994162321,0.0176669992506504,0.0189440008252859,0.0189440008252859,235
KZ Cash USD,KZC-USD,2019-07-12,0.0189479999244213,0.0209880005568265,0.0181089993566274,0.018895000219345,0.018895000219345,241
KZ Cash USD,KZC-USD,2019-07-13,0.0188960004597902,0.0197540000081062,0.0181360002607107,0.0184889994561672,0.0184889994561672,246
KZ Cash USD,KZC-USD,2019-07-14,0.0184920001775026,0.0210469998419284,0.018393000587821,0.0186209995299577,0.0186209995299577,694
KZ Cash USD,KZC-USD,2019-07-15,0.0186219997704029,0.0210350006818771,0.017917999997735,0.018020000308752,0.018020000308752,344
KZ Cash USD,KZC-USD,2019-07-16,0.0180120002478361,0.0201239995658397,0.0156410001218318,0.0185780003666877,0.0185780003666877,103
KZ Cash USD,KZC-USD,2019-07-17,0.0185710005462169,0.0201900005340576,0.0179740004241466,0.0179830007255077,0.0179830007255077,591
KZ Cash USD,KZC-USD,2019-07-18,0.0179869998246431,0.0203690007328987,0.0152059998363256,0.0156929995864629,0.0156929995864629,388
KZ Cash USD,KZC-USD,2019-07-19,0.0156929995864629,0.0184610001742839,0.015247999690473,0.0184599999338388,0.0184599999338388,601
KZ Cash USD,KZC-USD,2019-07-20,0.0184610001742839,0.0184889994561672,0.0140629997476935,0.0140739995986223,0.0140739995986223,278
KZ Cash USD,KZC-USD,2019-07-21,0.0140739995986223,0.0173310004174709,0.013667999766767,0.0172189995646476,0.0172189995646476,433
KZ Cash USD,KZC-USD,2019-07-22,0.0172210000455379,0.0172620005905628,0.0132200000807642,0.013756999745965,0.013756999745965,223
KZ Cash USD,KZC-USD,2019-07-23,0.0137560004368424,0.0155349997803568,0.0132120000198483,0.0153130004182457,0.0153130004182457,317
KZ Cash USD,KZC-USD,2019-07-24,0.0153130004182457,0.0155579997226595,0.0137919997796416,0.0139100002124905,0.0139100002124905,262
KZ Cash USD,KZC-USD,2019-07-25,0.0139100002124905,0.0149680003523826,0.0135129997506737,0.01386300008744,0.01386300008744,268
KZ Cash USD,KZC-USD,2019-07-26,0.01386300008744,0.0150849996134638,0.0123150004073977,0.0143579998984932,0.0143579998984932,307
KZ Cash USD,KZC-USD,2019-07-27,0.0143579998984932,0.0159360002726316,0.0140549996867775,0.0140639999881386,0.0140639999881386,277
KZ Cash USD,KZC-USD,2019-07-28,0.0140610001981258,0.0169649999588727,0.0132499998435378,0.0160509999841451,0.0160509999841451,519
KZ Cash USD,KZC-USD,2019-07-29,0.0160520002245903,0.0189330000430345,0.0147150000557303,0.0161290001124143,0.0161290001124143,591
KZ Cash USD,KZC-USD,2019-07-30,0.0161290001124143,0.0208640005439519,0.0148120000958442,0.0196119993925094,0.0196119993925094,354
KZ Cash USD,KZC-USD,2019-07-31,0.0196100007742643,0.0206119995564222,0.0181310009211301,0.0201099999248981,0.0201099999248981,407
KZ Cash USD,KZC-USD,2019-08-01,0.0201110001653432,0.0201140008866786,0.0170920006930828,0.0195419993251562,0.0195419993251562,182
KZ Cash USD,KZC-USD,2019-08-02,0.0195439998060464,0.02038099989295,0.0188800003379583,0.0188800003379583,0.0188800003379583,126
KZ Cash USD,KZC-USD,2019-08-03,0.0188800003379583,0.0207570008933544,0.0188800003379583,0.0193990003317594,0.0193990003317594,164
KZ Cash USD,KZC-USD,2019-08-04,0.0193990003317594,0.0207219999283552,0.0193509999662637,0.0196889992803335,0.0196889992803335,116
KZ Cash USD,KZC-USD,2019-08-05,0.0196889992803335,0.0206499993801116,0.0193189997225999,0.0206499993801116,0.0206499993801116,466
KZ Cash USD,KZC-USD,2019-08-06,0.0206489991396665,0.0232239998877048,0.0188580006361007,0.0231679994612932,0.0231679994612932,2195
KZ Cash USD,KZC-USD,2019-08-07,0.023166999220848,0.0232079997658729,0.0098919998854398,0.0182569995522499,0.0182569995522499,2168
KZ Cash USD,KZC-USD,2019-08-08,0.0182569995522499,0.0207049995660781,0.0159389991313219,0.0204240009188652,0.0204240009188652,200
KZ Cash USD,KZC-USD,2019-08-09,0.02042300067842,0.023386999964714,0.0192029997706413,0.0222510006278753,0.0222510006278753,192
KZ Cash USD,KZC-USD,2019-08-10,0.0222510006278753,0.0224629994481802,0.01411799993366,0.0185039993375539,0.0185039993375539,1126
KZ Cash USD,KZC-USD,2019-08-11,0.0185039993375539,0.0210350006818771,0.0184760000556707,0.0210299994796514,0.0210299994796514,544
KZ Cash USD,KZC-USD,2019-08-12,0.0210309997200965,0.0229729991406202,0.0187999997287988,0.0205850005149841,0.0205850005149841,328
KZ Cash USD,KZC-USD,2019-08-13,0.0205840002745389,0.0880080014467239,0.0189820006489753,0.0213820002973079,0.0213820002973079,645
KZ Cash USD,KZC-USD,2019-08-14,0.0213810000568628,0.0214310009032487,0.0185020007193088,0.0203499998897314,0.0203499998897314,258
KZ Cash USD,KZC-USD,2019-08-15,0.0203499998897314,0.0228320006281137,0.0201450008898973,0.0227429997175931,0.0227429997175931,831
KZ Cash USD,KZC-USD,2019-08-16,0.0227439999580383,0.0267099998891353,0.0165289994329214,0.0182559993118047,0.0182559993118047,328
KZ Cash USD,KZC-USD,2019-08-17,0.0182569995522499,0.0196989998221397,0.0165129993110895,0.0194060001522302,0.0194060001522302,410
KZ Cash USD,KZC-USD,2019-08-18,0.0194049999117851,0.0199369993060827,0.0173850003629922,0.0197940003126859,0.0197940003126859,352
KZ Cash USD,KZC-USD,2019-08-19,0.0198010001331567,0.0215959995985031,0.0197020005434751,0.0203450005501508,0.0203450005501508,191
KZ Cash USD,KZC-USD,2019-08-20,0.0203450005501508,0.0227569993585348,0.0167369991540908,0.0227489992976188,0.0227489992976188,93
KZ Cash USD,KZC-USD,2019-08-21,0.0227489992976188,0.0231170002371072,0.021866999566555,0.0219449996948242,0.0219449996948242,85
KZ Cash USD,KZC-USD,2019-08-22,0.0219449996948242,0.0232629999518394,0.016567999497056,0.0231860000640153,0.0231860000640153,87
KZ Cash USD,KZC-USD,2019-08-23,0.0231860000640153,0.0754100009799003,0.0217160005122423,0.0217909999191761,0.0217909999191761,937
KZ Cash USD,KZC-USD,2019-08-24,0.0217889994382858,0.0225959997624158,0.0203370004892349,0.0220149997621774,0.0220149997621774,192
KZ Cash USD,KZC-USD,2019-08-25,0.0220149997621774,0.0231589991599321,0.0204939991235733,0.0211399998515844,0.0211399998515844,91
KZ Cash USD,KZC-USD,2019-08-26,0.0211510006338357,0.022851999849081,0.0203579999506473,0.0206450000405311,0.0206450000405311,295
KZ Cash USD,KZC-USD,2019-08-27,0.0206450000405311,0.0227649994194507,0.0181879997253417,0.0227620005607604,0.0227620005607604,496
KZ Cash USD,KZC-USD,2019-08-28,0.0227620005607604,0.0227639991790056,0.0169680006802082,0.0170249994844198,0.0170249994844198,435
KZ Cash USD,KZC-USD,2019-08-29,0.0170259997248649,0.0230299998074769,0.016992000862956,0.0208579991012811,0.0208579991012811,304
KZ Cash USD,KZC-USD,2019-08-30,0.0208519995212554,0.0208609998226165,0.0165110006928443,0.0194189995527267,0.0194189995527267,32
KZ Cash USD,KZC-USD,2019-08-31,0.0194189995527267,0.0194189995527267,0.0163579992949962,0.0163579992949962,0.0163579992949962,29
KZ Cash USD,KZC-USD,2019-09-01,0.0163620002567768,0.0187720004469156,0.0163310002535581,0.0180009994655847,0.0180009994655847,44
KZ Cash USD,KZC-USD,2019-09-02,0.0179990008473396,0.0196540001779794,0.0179769992828369,0.0191450007259845,0.0191450007259845,87
KZ Cash USD,KZC-USD,2019-09-03,0.0191479995846748,0.0201960001140832,0.017264999449253,0.0201869998127222,0.0201869998127222,70
KZ Cash USD,KZC-USD,2019-09-04,0.0201849993318319,0.0212580002844333,0.0174860004335641,0.0175219997763633,0.0175219997763633,51
KZ Cash USD,KZC-USD,2019-09-05,0.0175219997763633,0.0212140008807182,0.0174490008503198,0.0200679991394281,0.0200679991394281,31
KZ Cash USD,KZC-USD,2019-09-06,0.0200679991394281,0.0228679999709129,0.0186160001903772,0.018775999546051,0.018775999546051,76
KZ Cash USD,KZC-USD,2019-09-07,0.0187780000269413,0.0222449991852045,0.0182070005685091,0.0194249991327524,0.0194249991327524,98
KZ Cash USD,KZC-USD,2019-09-08,0.0194240007549524,0.019480999559164,0.0160370003432035,0.0160930007696151,0.0160930007696151,97
KZ Cash USD,KZC-USD,2019-09-09,0.0160930007696151,0.0192440003156662,0.0156319998204708,0.0191510003060102,0.0191510003060102,94
KZ Cash USD,KZC-USD,2019-09-10,0.0191469993442296,0.0194329991936683,0.0181579999625682,0.0187519993633031,0.0187519993633031,67
KZ Cash USD,KZC-USD,2019-09-11,0.0187539998441934,0.0241940002888441,0.0179789997637271,0.0200570002198219,0.0200570002198219,161
KZ Cash USD,KZC-USD,2019-09-12,0.0200590007007122,0.0202079992741346,0.0175129994750022,0.0179869998246431,0.0179869998246431,100
KZ Cash USD,KZC-USD,2019-09-13,0.0179869998246431,0.0190650001168251,0.017629999667406,0.0177539996802806,0.0177539996802806,39
KZ Cash USD,KZC-USD,2019-09-14,0.0177590008825063,0.018810000270605,0.0166149996221065,0.0187320001423358,0.0187320001423358,9
KZ Cash USD,KZC-USD,2019-09-15,0.0187320001423358,0.0203239992260932,0.0180600006133317,0.0181060004979372,0.0181060004979372,1
KZ Cash USD,KZC-USD,2019-09-16,0.018105000257492,0.0181930009275674,0.016491999849677,0.0171380005776882,0.0171380005776882,14
KZ Cash USD,KZC-USD,2019-09-17,0.0171390008181333,0.0197930000722408,0.0165619999170303,0.0197880007326602,0.0197880007326602,58
KZ Cash USD,KZC-USD,2019-09-18,0.0197880007326602,0.0218989998102188,0.017315000295639,0.0218870006501674,0.0218870006501674,306
KZ Cash USD,KZC-USD,2019-09-19,0.0218829996883869,0.0220170002430677,0.0193119999021291,0.0193189997225999,0.0193189997225999,140
KZ Cash USD,KZC-USD,2019-09-20,0.0193300005048513,0.0193980000913143,0.0170620009303092,0.0193969998508691,0.0193969998508691,95
KZ Cash USD,KZC-USD,2019-09-21,0.019395999610424,0.0215799994766712,0.0191210005432367,0.0208960007876157,0.0208960007876157,46
KZ Cash USD,KZC-USD,2019-09-22,0.0208940003067255,0.0209100004285573,0.017943000420928,0.0186410006135702,0.0186410006135702,29
KZ Cash USD,KZC-USD,2019-09-23,0.018640000373125,0.0424630008637905,0.017085000872612,0.0324839986860752,0.0324839986860752,699
KZ Cash USD,KZC-USD,2019-09-24,0.032490000128746,0.0335769988596439,0.0162990000098943,0.019718000665307,0.019718000665307,378
KZ Cash USD,KZC-USD,2019-09-25,0.0197190009057521,0.0198149997740983,0.0167730003595352,0.0186250004917383,0.0186250004917383,228
KZ Cash USD,KZC-USD,2019-09-26,0.018623000010848,0.0186289995908737,0.015939999371767,0.0172450002282857,0.0172450002282857,127
KZ Cash USD,KZC-USD,2019-09-27,0.0172429997473955,0.017272999510169,0.0163449998944997,0.0167449992150068,0.0167449992150068,119
KZ Cash USD,KZC-USD,2019-09-28,0.0167459994554519,0.0194860007613897,0.0166710000485181,0.0180670004338026,0.0180670004338026,17
KZ Cash USD,KZC-USD,2019-09-29,0.0180760007351636,0.0180920008569955,0.0162540003657341,0.017790000885725,0.017790000885725,174
KZ Cash USD,KZC-USD,2019-09-30,0.0177870001643896,0.0573550015687942,0.014708999544382,0.0148090003058314,0.0148090003058314,113
KZ Cash USD,KZC-USD,2019-10-01,0.0148109998553991,0.0171009991317987,0.0131850000470876,0.0170460008084774,0.0170460008084774,282
KZ Cash USD,KZC-USD,2019-10-02,0.0170460008084774,0.0186739992350339,0.0146070001646876,0.0146989999338984,0.0146989999338984,10
KZ Cash USD,KZC-USD,2019-10-03,0.0146960001438856,0.0175860002636909,0.0146800000220537,0.0164199993014335,0.0164199993014335,64
KZ Cash USD,KZC-USD,2019-10-04,0.0164170004427433,0.0182179994881153,0.0163129996508359,0.0181680005043745,0.0181680005043745,55
KZ Cash USD,KZC-USD,2019-10-05,0.0181680005043745,0.0191600006073713,0.0146220000460743,0.0172739997506141,0.0172739997506141,22
KZ Cash USD,KZC-USD,2019-10-06,0.017272999510169,0.0176509991288185,0.0161589998751878,0.0170559994876384,0.0170559994876384,79
KZ Cash USD,KZC-USD,2019-10-07,0.0170430000871419,0.0170540008693933,0.0155020002275705,0.015854999423027,0.015854999423027,115
KZ Cash USD,KZC-USD,2019-10-08,0.0158520005643367,0.0173899997025728,0.0148639995604753,0.017212999984622,0.017212999984622,36
KZ Cash USD,KZC-USD,2019-10-09,0.017212999984622,0.017272999510169,0.0149259995669126,0.0170719996094703,0.0170719996094703,60
KZ Cash USD,KZC-USD,2019-10-10,0.0170740000903606,0.018665000796318,0.0151610001921653,0.0182799994945526,0.0182799994945526,130
KZ Cash USD,KZC-USD,2019-10-11,0.0182809997349977,0.0186000000685453,0.0161140002310276,0.0179389994591474,0.0179389994591474,11
KZ Cash USD,KZC-USD,2019-10-12,0.017935000360012,0.0180079992860555,0.0148139996454119,0.0161380004137754,0.0161380004137754,26
KZ Cash USD,KZC-USD,2019-10-13,0.0161370001733303,0.0166469998657703,0.0116739999502897,0.011739999987185,0.011739999987185,9
KZ Cash USD,KZC-USD,2019-10-14,0.011739999987185,0.014279999770224,0.0114460000768303,0.0142750004306435,0.0142750004306435,50
KZ Cash USD,KZC-USD,2019-10-15,0.0142860002815723,0.0184749998152256,0.0141930002719163,0.0184710007160902,0.0184710007160902,122
KZ Cash USD,KZC-USD,2019-10-16,0.0184690002351999,0.0196090005338192,0.0161300003528594,0.0167410001158714,0.0167410001158714,79
KZ Cash USD,KZC-USD,2019-10-17,0.0167420003563165,0.0167929995805025,0.013944000005722,0.0146789997816085,0.0146789997816085,47
KZ Cash USD,KZC-USD,2019-10-18,0.0146789997816085,0.0188810005784034,0.0138640003278851,0.0174540001899003,0.0174540001899003,188
KZ Cash USD,KZC-USD,2019-10-19,0.0174519997090101,0.0182240009307861,0.0111539997160434,0.014911999925971,0.014911999925971,42
KZ Cash USD,KZC-USD,2019-10-20,0.014911999925971,0.0182310007512569,0.0138689996674656,0.0182310007512569,0.0182310007512569,61
KZ Cash USD,KZC-USD,2019-10-21,0.0182310007512569,0.0734430029988288,0.0132799996063113,0.0161789990961551,0.0161789990961551,250
KZ Cash USD,KZC-USD,2019-10-22,0.0161789990961551,0.0189900007098913,0.010590000078082,0.018580999225378,0.018580999225378,283
KZ Cash USD,KZC-USD,2019-10-23,0.018580000847578,0.0199529994279146,0.0092240003868937,0.0160809997469186,0.0160809997469186,193
KZ Cash USD,KZC-USD,2019-10-24,0.0160809997469186,0.0182600002735853,0.0160809997469186,0.0182179994881153,0.0182179994881153,139
KZ Cash USD,KZC-USD,2019-10-25,0.0182179994881153,0.0186810009181499,0.0157340001314878,0.0157379992306232,0.0157379992306232,195
KZ Cash USD,KZC-USD,2019-10-26,0.0157370008528232,0.0182339996099472,0.0157370008528232,0.017867000773549,0.017867000773549,217
KZ Cash USD,KZC-USD,2019-10-27,0.0178660005331039,0.0180660001933574,0.0126409996300935,0.0172579996287822,0.0172579996287822,87
KZ Cash USD,KZC-USD,2019-10-28,0.017255999147892,0.0176689997315406,0.0154569996520876,0.017222000285983,0.017222000285983,125
KZ Cash USD,KZC-USD,2019-10-29,0.0172259993851184,0.0179719999432563,0.0147270001471042,0.0147369997575879,0.0147369997575879,73
KZ Cash USD,KZC-USD,2019-10-30,0.0147399995476007,0.0509769991040229,0.0118990000337362,0.0258039999753236,0.0258039999753236,430
KZ Cash USD,KZC-USD,2019-10-31,0.0258000008761882,0.031734000891447,0.0112309996038675,0.0125780003145337,0.0125780003145337,282
KZ Cash USD,KZC-USD,2019-11-01,0.0125749995931983,0.0182799994945526,0.0058740000240504,0.0178180001676082,0.0178180001676082,11
KZ Cash USD,KZC-USD,2019-11-02,0.0178180001676082,0.0178549997508525,0.0115700000897049,0.0115710003301501,0.0115710003301501,13
KZ Cash USD,KZC-USD,2019-11-03,0.0115719996392726,0.0162770003080368,0.0098580000922083,0.0162760000675916,0.0162760000675916,66
KZ Cash USD,KZC-USD,2019-11-04,0.0162690002471208,0.0251429993659257,0.0162460003048181,0.0238359998911619,0.0238359998911619,135
KZ Cash USD,KZC-USD,2019-11-05,0.0238359998911619,0.0239630006253719,0.0148579999804496,0.0151289999485015,0.0151289999485015,30
KZ Cash USD,KZC-USD,2019-11-06,0.0151289999485015,0.0176940001547336,0.0110130002722144,0.0110130002722144,0.0110130002722144,143
KZ Cash USD,KZC-USD,2019-11-07,0.0110139995813369,0.014674000442028,0.010878000408411,0.0128370001912117,0.0128370001912117,171
KZ Cash USD,KZC-USD,2019-11-08,0.0128319999203085,0.0175180006772279,0.0107359997928142,0.0175119992345571,0.0175119992345571,378
KZ Cash USD,KZC-USD,2019-11-09,0.0177209991961717,0.0179689992219209,0.0149640003219246,0.0153209995478391,0.0153209995478391,246
KZ Cash USD,KZC-USD,2019-11-10,0.0153209995478391,0.0182719994336366,0.013756999745965,0.0182549990713596,0.0182549990713596,30
KZ Cash USD,KZC-USD,2019-11-11,0.0182569995522499,0.0182809997349977,0.0143830003216862,0.0149480002000927,0.0149480002000927,129
KZ Cash USD,KZC-USD,2019-11-12,0.0149480002000927,0.0159469991922378,0.0127389999106526,0.0128180002793669,0.0128180002793669,193
KZ Cash USD,KZC-USD,2019-11-13,0.0128199998289346,0.0178859997540712,0.0127010000869631,0.0178820006549358,0.0178820006549358,362
KZ Cash USD,KZC-USD,2019-11-14,0.0178789999336004,0.0179360006004571,0.0149900000542402,0.0168800000101327,0.0168800000101327,163
KZ Cash USD,KZC-USD,2019-11-15,0.0168779995292425,0.0168880000710487,0.0122239999473094,0.0127879995852708,0.0127879995852708,135
KZ Cash USD,KZC-USD,2019-11-16,0.0127900000661611,0.0177590008825063,0.0127760004252195,0.0176650006324052,0.0176650006324052,123
KZ Cash USD,KZC-USD,2019-11-17,0.0176650006324052,0.0176650006324052,0.0104010002687573,0.0160900000482797,0.0160900000482797,415
KZ Cash USD,KZC-USD,2019-11-18,0.0160930007696151,0.0162780005484819,0.0104959998279809,0.0105240000411868,0.0105240000411868,396
KZ Cash USD,KZC-USD,2019-11-19,0.0105240000411868,0.0199629999697208,0.0097599998116493,0.0148590002208948,0.0148590002208948,1012
KZ Cash USD,KZC-USD,2019-11-20,0.0148590002208948,0.0168510004878044,0.0140479998663067,0.0140570001676678,0.0140570001676678,839
KZ Cash USD,KZC-USD,2019-11-21,0.0140549996867775,0.0164359994232654,0.0127529995515942,0.0146779995411634,0.0146779995411634,564
KZ Cash USD,KZC-USD,2019-11-22,0.0146779995411634,0.0174109991639852,0.0145889995619654,0.0174059998244047,0.0174059998244047,779
KZ Cash USD,KZC-USD,2019-11-23,0.0174059998244047,0.0178960002958774,0.0151530001312494,0.015366000123322,0.015366000123322,165
KZ Cash USD,KZC-USD,2019-11-24,0.015366000123322,0.0167069993913173,0.0136989997699856,0.0136989997699856,0.0136989997699856,281
KZ Cash USD,KZC-USD,2019-11-25,0.0137000000104308,0.0174180008471012,0.0132860001176595,0.0150709999725222,0.0150709999725222,352
KZ Cash USD,KZC-USD,2019-11-26,0.0150699997320771,0.0172119997441768,0.0130500001832842,0.0147770000621676,0.0147770000621676,397
KZ Cash USD,KZC-USD,2019-11-27,0.0147580001503229,0.017289999872446,0.0124059999361634,0.0148809999227523,0.0148809999227523,228
KZ Cash USD,KZC-USD,2019-11-28,0.0148820001631975,0.0174759998917579,0.0147460000589489,0.0152749996632337,0.0152749996632337,103
KZ Cash USD,KZC-USD,2019-11-29,0.0152759999036788,0.0178130008280277,0.0152420001104474,0.0176810007542371,0.0176810007542371,44
KZ Cash USD,KZC-USD,2019-11-30,0.0176810007542371,0.0176829993724823,0.0107270004227757,0.0156079996377229,0.0156079996377229,145
KZ Cash USD,KZC-USD,2019-12-01,0.0156079996377229,0.0178699996322393,0.0151300001889467,0.0151350004598498,0.0151350004598498,41
KZ Cash USD,KZC-USD,2019-12-02,0.0151340002194046,0.0174579992890357,0.0121710002422332,0.0132430000230669,0.0132430000230669,213
KZ Cash USD,KZC-USD,2019-12-03,0.0132430000230669,0.0151890004053711,0.0119899995625019,0.0148109998553991,0.0148109998553991,36
KZ Cash USD,KZC-USD,2019-12-04,0.0148120000958442,0.0148130003362894,0.0117840003222227,0.0140690002590417,0.0140690002590417,329
KZ Cash USD,KZC-USD,2019-12-05,0.0140610001981258,0.0153780002146959,0.0115820001810789,0.0133710000663995,0.0133710000663995,66
KZ Cash USD,KZC-USD,2019-12-06,0.0133710000663995,0.0149090001359581,0.0123749999329447,0.0124599998816847,0.0124599998816847,54
KZ Cash USD,KZC-USD,2019-12-07,0.0124610001221299,0.015166999772191,0.0124500002712011,0.0151660004630684,0.0151660004630684,8
KZ Cash USD,KZC-USD,2019-12-08,0.0151660004630684,0.015166999772191,0.0086559997871518,0.0086859995499253,0.0086859995499253,61
KZ Cash USD,KZC-USD,2019-12-09,0.0086850002408027,0.0148040000349283,0.0086260000243783,0.0147799998521804,0.0147799998521804,92
KZ Cash USD,KZC-USD,2019-12-10,0.0147780003026127,0.0154820000752806,0.0127870002761483,0.0147449998185038,0.0147449998185038,13
KZ Cash USD,KZC-USD,2019-12-11,0.0147449998185038,0.0147510003298521,0.011459999717772,0.0122940000146627,0.0122940000146627,158
KZ Cash USD,KZC-USD,2019-12-12,0.0122959995642304,0.01492500025779,0.0114249996840953,0.014831000007689,0.014831000007689,19
KZ Cash USD,KZC-USD,2019-12-13,0.0148290004581213,0.0148489996790885,0.0129119995981454,0.0146920001134276,0.0146920001134276,61
KZ Cash USD,KZC-USD,2019-12-14,0.0146920001134276,0.0152169996872544,0.0128969997167587,0.0146589996293187,0.0146589996293187,248
KZ Cash USD,KZC-USD,2019-12-15,0.0146580003201961,0.0146580003201961,0.011536999605596,0.0130730001255869,0.0130730001255869,118
KZ Cash USD,KZC-USD,2019-12-16,0.0130730001255869,0.0145159997045993,0.0125190000981092,0.012980000115931,0.012980000115931,96
KZ Cash USD,KZC-USD,2019-12-17,0.012980000115931,0.0155899999663233,0.0129690002650022,0.0130190001800656,0.0130190001800656,357
KZ Cash USD,KZC-USD,2019-12-18,0.0130190001800656,0.0160390008240938,0.0128629999235272,0.0147940004244446,0.0147940004244446,251
KZ Cash USD,KZC-USD,2019-12-19,0.0147940004244446,0.0160179995000362,0.0127870002761483,0.0152430003508925,0.0152430003508925,99
KZ Cash USD,KZC-USD,2019-12-20,0.0152430003508925,0.0162289999425411,0.0082849999889731,0.0157779995352029,0.0157779995352029,388
KZ Cash USD,KZC-USD,2019-12-21,0.0157769992947578,0.0179490000009536,0.0130059998482465,0.0169489998370409,0.0169489998370409,200
KZ Cash USD,KZC-USD,2019-12-22,0.0169489998370409,0.0178309995681047,0.0167440008372068,0.0175500009208917,0.0175500009208917,14
KZ Cash USD,KZC-USD,2019-12-23,0.0175509992986917,0.0180500000715255,0.0126200001686811,0.0176369994878768,0.0176369994878768,177
KZ Cash USD,KZC-USD,2019-12-24,0.0176369994878768,0.0177030004560947,0.0105750001966953,0.0130979996174573,0.0130979996174573,18
KZ Cash USD,KZC-USD,2019-12-25,0.0130930002778768,0.0158980004489421,0.0120090004056692,0.0120500000193715,0.0120500000193715,16
KZ Cash USD,KZC-USD,2019-12-26,0.0120500000193715,0.0120789995416998,0.0100050000473856,0.0100370002910494,0.0100370002910494,10
KZ Cash USD,KZC-USD,2019-12-27,0.0100370002910494,0.0154520003125071,0.009711000137031,0.0130869997665286,0.0130869997665286,126
KZ Cash USD,KZC-USD,2019-12-28,0.0130869997665286,0.0155050000175833,0.0130300000309944,0.0133290002122521,0.0133290002122521,51
KZ Cash USD,KZC-USD,2019-12-29,0.0133309997618198,0.0136369997635483,0.0127440001815557,0.0128849996253848,0.0128849996253848,37
KZ Cash USD,KZC-USD,2019-12-30,0.0128939999267458,0.015472000464797,0.0128250000998377,0.0136080002412199,0.0136080002412199,35
KZ Cash USD,KZC-USD,2019-12-31,0.0136059997603297,0.0136280003935098,0.0119120003655552,0.012810000218451,0.012810000218451,24
KZ Cash USD,KZC-USD,2020-01-01,0.012810000218451,0.0138790002092719,0.0113700004294514,0.0115250004455447,0.0115250004455447,34
KZ Cash USD,KZC-USD,2020-01-02,0.0115240002050995,0.0137949995696544,0.0113719999790191,0.013766000047326,0.013766000047326,47
KZ Cash USD,KZC-USD,2020-01-03,0.0137679995968937,0.0149860000237822,0.0127870002761483,0.0149839995428919,0.0149839995428919,31
KZ Cash USD,KZC-USD,2020-01-04,0.0149830002337694,0.0289869997650384,0.0125679997727274,0.0285379998385906,0.0285379998385906,21
KZ Cash USD,KZC-USD,2020-01-05,0.0285500008612871,0.0289900004863739,0.0123840002343058,0.017740000039339,0.017740000039339,361
KZ Cash USD,KZC-USD,2020-01-06,0.017740000039339,0.0177849996834993,0.0130500001832842,0.0159530006349086,0.0159530006349086,72
KZ Cash USD,KZC-USD,2020-01-07,0.0159510001540184,0.0160360001027584,0.0133189996704459,0.0151660004630684,0.0151660004630684,86
KZ Cash USD,KZC-USD,2020-01-08,0.0151660004630684,0.015514999628067,0.0132360002025961,0.0149809997528791,0.0149809997528791,114
KZ Cash USD,KZC-USD,2020-01-09,0.0149760004132986,0.0183189995586872,0.0130749996751546,0.0156960003077983,0.0156960003077983,1218
KZ Cash USD,KZC-USD,2020-01-10,0.0156980007886886,0.0183899998664855,0.0130789997056126,0.0183390006422996,0.0183390006422996,599
KZ Cash USD,KZC-USD,2020-01-11,0.0183390006422996,0.0183390006422996,0.0156970005482435,0.0176149997860193,0.0176149997860193,328
KZ Cash USD,KZC-USD,2020-01-12,0.0176139995455741,0.0176999997347593,0.0122870001941919,0.0165529996156692,0.0165529996156692,88
KZ Cash USD,KZC-USD,2020-01-13,0.0165550000965595,0.0174669995903968,0.0130270002409815,0.0167619995772838,0.0167619995772838,56
KZ Cash USD,KZC-USD,2020-01-14,0.0167670007795095,0.0189430005848407,0.0137930000200867,0.013939999975264,0.013939999975264,595
KZ Cash USD,KZC-USD,2020-01-15,0.0142059996724128,0.0186330005526542,0.0140450000762939,0.0156720001250505,0.0156720001250505,395
KZ Cash USD,KZC-USD,2020-01-16,0.0156709998846054,0.018232999369502,0.0134910000488162,0.0158099997788667,0.0158099997788667,341
KZ Cash USD,KZC-USD,2020-01-17,0.0157990008592605,0.0182930007576942,0.0148160001263022,0.0159479994326829,0.0159479994326829,93
KZ Cash USD,KZC-USD,2020-01-18,0.0159479994326829,0.0184119995683431,0.0131550002843141,0.0174230001866817,0.0174230001866817,166
KZ Cash USD,KZC-USD,2020-01-19,0.0174230001866817,0.0183109994977712,0.0133079998195171,0.0182990003377199,0.0182990003377199,69
KZ Cash USD,KZC-USD,2020-01-20,0.0182980000972747,0.0183129999786615,0.0139979999512434,0.0164550002664327,0.0164550002664327,130
KZ Cash USD,KZC-USD,2020-01-21,0.0164550002664327,0.0175459999591112,0.0146559998393058,0.0152030000463128,0.0152030000463128,75
KZ Cash USD,KZC-USD,2020-01-22,0.0152019998058676,0.0179319996386766,0.0145650003105402,0.014568000100553,0.014568000100553,21
KZ Cash USD,KZC-USD,2020-01-23,0.0145699996501207,0.017187999561429,0.0130629995837807,0.0154330004006624,0.0154330004006624,347
KZ Cash USD,KZC-USD,2020-01-24,0.0154330004006624,0.017680000513792,0.0138429999351501,0.0138569995760917,0.0138569995760917,29
KZ Cash USD,KZC-USD,2020-01-25,0.0138560002669692,0.0147320004180073,0.0137139996513724,0.0144849997013807,0.0144849997013807,46
KZ Cash USD,KZC-USD,2020-01-26,0.0144840003922581,0.0161569993942976,0.0143879996612668,0.0144210001453757,0.0144210001453757,20
KZ Cash USD,KZC-USD,2020-01-27,0.0144250001758337,0.0180210005491971,0.0144239999353885,0.0178800001740455,0.0178800001740455,265
KZ Cash USD,KZC-USD,2020-01-28,0.0178779996931552,0.0178789999336004,0.0151220001280307,0.0170740000903606,0.0170740000903606,167
KZ Cash USD,KZC-USD,2020-01-29,0.0170740000903606,0.0176279991865158,0.015162999741733,0.0175379998981952,0.0175379998981952,180
KZ Cash USD,KZC-USD,2020-01-30,0.0175369996577501,0.0177539996802806,0.015340999700129,0.01698499917984,0.01698499917984,67
KZ Cash USD,KZC-USD,2020-01-31,0.01698499917984,0.0176739990711212,0.0149670001119375,0.0174620002508163,0.0174620002508163,305
KZ Cash USD,KZC-USD,2020-02-01,0.0174630004912614,0.0177970007061958,0.0145020000636577,0.0165619999170303,0.0165619999170303,67
KZ Cash USD,KZC-USD,2020-02-02,0.0165619999170303,0.0230260007083416,0.0141690000891685,0.0228189993649721,0.0228189993649721,4527
KZ Cash USD,KZC-USD,2020-02-03,0.0228189993649721,0.0230459999293088,0.0208400003612041,0.0228240005671978,0.0228240005671978,1035
KZ Cash USD,KZC-USD,2020-02-04,0.0228220000863075,0.0234960000962018,0.0177260003983974,0.0191479995846748,0.0191479995846748,2709
KZ Cash USD,KZC-USD,2020-02-05,0.0191479995846748,0.0247140005230903,0.0188040006905794,0.0225089993327856,0.0225089993327856,510
KZ Cash USD,KZC-USD,2020-02-06,0.0225109998136758,0.0226329993456602,0.0178350005298852,0.0202670004218816,0.0202670004218816,257
KZ Cash USD,KZC-USD,2020-02-07,0.0202690009027719,0.0223740004003047,0.0172349996864795,0.0172780007123947,0.0172780007123947,674
KZ Cash USD,KZC-USD,2020-02-08,0.0172770004719495,0.0201040003448724,0.0171380005776882,0.020033000037074,0.020033000037074,295
KZ Cash USD,KZC-USD,2020-02-09,0.020033000037074,0.0203709993511438,0.0177759993821382,0.0179299991577863,0.0179299991577863,386
KZ Cash USD,KZC-USD,2020-02-10,0.0179280005395412,0.0203269999474287,0.0176819991320371,0.0178609993308782,0.0178609993308782,286
KZ Cash USD,KZC-USD,2020-02-11,0.0178619995713233,0.0214370004832744,0.0177989993244409,0.0212260000407695,0.0212260000407695,464
KZ Cash USD,KZC-USD,2020-02-12,0.0212249998003244,0.0230090003460645,0.0179689992219209,0.0228799991309642,0.0228799991309642,3062
KZ Cash USD,KZC-USD,2020-02-13,0.0228780005127191,0.2012439966201782,0.0228569991886615,0.0843840017914772,0.0843840017914772,522913
KZ Cash USD,KZC-USD,2020-02-14,0.0843850001692771,0.0868450030684471,0.0511570014059543,0.0534770004451274,0.0534770004451274,33262
KZ Cash USD,KZC-USD,2020-02-15,0.0534770004451274,0.1118070036172866,0.0509710013866424,0.0761440023779869,0.0761440023779869,96394
KZ Cash USD,KZC-USD,2020-02-16,0.0761440023779869,0.0817300006747245,0.0611139982938766,0.0712800025939941,0.0712800025939941,16364
KZ Cash USD,KZC-USD,2020-02-17,0.0712800025939941,0.0712900012731552,0.0584300011396408,0.0659999996423721,0.0659999996423721,9313
KZ Cash USD,KZC-USD,2020-02-18,0.0659969970583915,0.1185830011963844,0.0604959987103939,0.0809599980711937,0.0809599980711937,113759
KZ Cash USD,KZC-USD,2020-02-19,0.0809589996933937,0.103652998805046,0.0758870020508766,0.0834949985146522,0.0834949985146522,47859
KZ Cash USD,KZC-USD,2020-02-20,0.0834999978542327,0.0904899984598159,0.0735630020499229,0.0880820006132125,0.0880820006132125,21855
KZ Cash USD,KZC-USD,2020-02-21,0.0880640000104904,0.0907609984278678,0.0828030034899711,0.0828040018677711,0.0828040018677711,4799
KZ Cash USD,KZC-USD,2020-02-22,0.0828040018677711,0.0853509977459907,0.0791779980063438,0.0838449969887733,0.0838449969887733,2667
KZ Cash USD,KZC-USD,2020-02-23,0.0838449969887733,0.0872239992022514,0.0796950012445449,0.0849820002913475,0.0849820002913475,4407
KZ Cash USD,KZC-USD,2020-02-24,0.084986001253128,0.0850310027599334,0.0750600025057792,0.0824889987707138,0.0824889987707138,8397
KZ Cash USD,KZC-USD,2020-02-25,0.0824889987707138,0.0826719999313354,0.0650990009307861,0.0651810020208358,0.0651810020208358,5019
KZ Cash USD,KZC-USD,2020-02-26,0.0651720017194747,0.0702430009841919,0.0578540004789829,0.0604100003838539,0.0604100003838539,13324
KZ Cash USD,KZC-USD,2020-02-27,0.0604160018265247,0.0860380008816719,0.0604160018265247,0.0711140036582946,0.0711140036582946,18951
KZ Cash USD,KZC-USD,2020-02-28,0.0710989981889724,0.0711579993367195,0.0653439983725547,0.0679399967193603,0.0679399967193603,4270
KZ Cash USD,KZC-USD,2020-02-29,0.0679399967193603,0.0759169980883598,0.0657650008797645,0.0657650008797645,0.0657650008797645,3666
KZ Cash USD,KZC-USD,2020-03-01,0.0657650008797645,0.0679899975657463,0.0605060011148452,0.0654650032520294,0.0654650032520294,1640
KZ Cash USD,KZC-USD,2020-03-02,0.0654650032520294,0.0795670002698898,0.0603380016982555,0.0711319968104362,0.0711319968104362,6462
KZ Cash USD,KZC-USD,2020-03-03,0.0711169987916946,0.0746039971709251,0.0678310021758079,0.0745399966835975,0.0745399966835975,5509
KZ Cash USD,KZC-USD,2020-03-04,0.0745399966835975,0.0841730013489723,0.0664260014891624,0.0712179988622665,0.0712179988622665,5152
KZ Cash USD,KZC-USD,2020-03-05,0.0712359994649887,0.0795589983463287,0.068472996354103,0.0700680017471313,0.0700680017471313,811
KZ Cash USD,KZC-USD,2020-03-06,0.0700680017471313,0.0745650008320808,0.065211996436119,0.0706340000033378,0.0706340000033378,6381
KZ Cash USD,KZC-USD,2020-03-07,0.0706349983811378,0.0707309991121292,0.0613869987428188,0.0622129999101161,0.0622129999101161,432
KZ Cash USD,KZC-USD,2020-03-08,0.0622159987688064,0.0703430026769638,0.0603309981524944,0.0628560036420822,0.0628560036420822,3368
KZ Cash USD,KZC-USD,2020-03-09,0.0628459975123405,0.0634159967303276,0.0570430010557174,0.0571039989590644,0.0571039989590644,2964
KZ Cash USD,KZC-USD,2020-03-10,0.0571300014853477,0.0680209994316101,0.0569869987666606,0.0594049990177154,0.0594049990177154,2425
KZ Cash USD,KZC-USD,2020-03-11,0.0593959987163543,0.0613179989159107,0.0562269985675811,0.0579920001327991,0.0579920001327991,1451
KZ Cash USD,KZC-USD,2020-03-12,0.0579949989914894,0.0600330010056495,0.0430780015885829,0.0432810001075267,0.0432810001075267,7244
KZ Cash USD,KZC-USD,2020-03-13,0.0432760007679462,0.054101999849081,0.0403599999845027,0.0477019995450973,0.0477019995450973,4755
KZ Cash USD,KZC-USD,2020-03-14,0.0477130003273487,0.0477229990065097,0.0423079989850521,0.0446610003709793,0.0446610003709793,1391
KZ Cash USD,KZC-USD,2020-03-15,0.0446610003709793,0.0692199990153312,0.0416349992156028,0.058263998478651,0.058263998478651,45793
KZ Cash USD,KZC-USD,2020-03-16,0.058263998478651,0.0582900010049343,0.0464080013334751,0.0464249998331069,0.0464249998331069,1794
KZ Cash USD,KZC-USD,2020-03-17,0.0464259982109069,0.054016001522541,0.0462559983134269,0.051605001091957,0.051605001091957,7746
KZ Cash USD,KZC-USD,2020-03-18,0.0516210012137889,0.0518440008163452,0.0461720004677772,0.0489449985325336,0.0489449985325336,523
KZ Cash USD,KZC-USD,2020-03-19,0.0489449985325336,0.0559369996190071,0.0373470000922679,0.0464570000767707,0.0464570000767707,8997
KZ Cash USD,KZC-USD,2020-03-20,0.0465659983456134,0.0616130009293556,0.0423309989273548,0.0493940003216266,0.0493940003216266,14299
KZ Cash USD,KZC-USD,2020-03-21,0.0493940003216266,0.051741000264883,0.044659998267889,0.0492740012705326,0.0492740012705326,3660
KZ Cash USD,KZC-USD,2020-03-22,0.0492740012705326,0.0516889989376068,0.0439959987998008,0.0459610000252723,0.0459610000252723,1535
KZ Cash USD,KZC-USD,2020-03-23,0.0459610000252723,0.0462960004806518,0.0430710017681121,0.0459389984607696,0.0459389984607696,1725
KZ Cash USD,KZC-USD,2020-03-24,0.0459310002624988,0.0468589998781681,0.0437019988894462,0.046519000083208,0.046519000083208,1113
KZ Cash USD,KZC-USD,2020-03-25,0.0464879982173442,0.0472240000963211,0.0443410016596317,0.0446190014481544,0.0446190014481544,1150
KZ Cash USD,KZC-USD,2020-03-26,0.0446190014481544,0.0457630008459091,0.0443469993770122,0.0456050001084804,0.0456050001084804,1030
KZ Cash USD,KZC-USD,2020-03-27,0.0456050001084804,0.0583319999277591,0.0331589989364147,0.0466030016541481,0.0466030016541481,9818
KZ Cash USD,KZC-USD,2020-03-28,0.0466030016541481,0.0489349998533725,0.0460859984159469,0.0475700013339519,0.0475700013339519,963
KZ Cash USD,KZC-USD,2020-03-29,0.0475709997117519,0.0476300008594989,0.0433980002999305,0.046119999140501,0.046119999140501,1743
KZ Cash USD,KZC-USD,2020-03-30,0.0461129993200302,0.0487649999558925,0.0425599999725818,0.0463079996407032,0.0463079996407032,672
KZ Cash USD,KZC-USD,2020-03-31,0.0462739989161491,0.0470080003142356,0.0431669987738132,0.0431779995560646,0.0431779995560646,465
KZ Cash USD,KZC-USD,2020-04-01,0.0431779995560646,0.0467029996216297,0.0416640006005764,0.0419050008058548,0.0419050008058548,300
KZ Cash USD,KZC-USD,2020-04-02,0.0419030003249645,0.0471099987626075,0.0418759994208812,0.0470010004937648,0.0470010004937648,958
KZ Cash USD,KZC-USD,2020-04-03,0.0470039993524551,0.0470039993524551,0.0439950004220008,0.0465489998459816,0.0465489998459816,786
KZ Cash USD,KZC-USD,2020-04-04,0.0465489998459816,0.0468220002949237,0.0442860014736652,0.0444119982421398,0.0444119982421398,449
KZ Cash USD,KZC-USD,2020-04-05,0.0444190017879009,0.0462820008397102,0.0436209999024868,0.0438040010631084,0.0438040010631084,700
KZ Cash USD,KZC-USD,2020-04-06,0.0438029989600181,0.0516740009188652,0.0437700003385543,0.0473189987242221,0.0473189987242221,3845
KZ Cash USD,KZC-USD,2020-04-07,0.0473259985446929,0.0553230009973049,0.0456469990313053,0.0481530018150806,0.0481530018150806,8522
KZ Cash USD,KZC-USD,2020-04-08,0.0481530018150806,0.0521759986877441,0.0474000014364719,0.0493349991738796,0.0493349991738796,1541
KZ Cash USD,KZC-USD,2020-04-09,0.0493320003151893,0.052216000854969,0.0471509993076324,0.0515029989182949,0.0515029989182949,899
KZ Cash USD,KZC-USD,2020-04-10,0.0515009984374046,0.0516140013933181,0.0451150014996528,0.0496940016746521,0.0496940016746521,1966
KZ Cash USD,KZC-USD,2020-04-11,0.0496940016746521,0.0499190017580986,0.0443420000374317,0.0467809997498989,0.0467809997498989,629
KZ Cash USD,KZC-USD,2020-04-12,0.0467809997498989,0.0471099987626075,0.0399780012667179,0.0435840003192424,0.0435840003192424,2789
KZ Cash USD,KZC-USD,2020-04-13,0.0435720011591911,0.0470409989356994,0.0430019982159137,0.0432489998638629,0.0432489998638629,921
KZ Cash USD,KZC-USD,2020-04-14,0.0432489998638629,0.045363999903202,0.0427640005946159,0.0444109998643398,0.0444109998643398,630
KZ Cash USD,KZC-USD,2020-04-15,0.0443859994411468,0.0475619994103908,0.0410129986703395,0.0474819988012313,0.0474819988012313,1094
KZ Cash USD,KZC-USD,2020-04-16,0.0474819988012313,0.0488860011100769,0.0448120012879371,0.0487269982695579,0.0487269982695579,185
KZ Cash USD,KZC-USD,2020-04-17,0.0487300008535385,0.0496399998664855,0.0429200008511543,0.0455060005187988,0.0455060005187988,2569
KZ Cash USD,KZC-USD,2020-04-18,0.0455060005187988,0.0480439998209476,0.043198999017477,0.0450079999864101,0.0450079999864101,431
KZ Cash USD,KZC-USD,2020-04-19,0.0450050011277198,0.047104999423027,0.0424339994788169,0.0466430000960826,0.0466430000960826,777
KZ Cash USD,KZC-USD,2020-04-20,0.046629000455141,0.0471340008080005,0.0415580011904239,0.0454920008778572,0.0454920008778572,861
KZ Cash USD,KZC-USD,2020-04-21,0.0454920008778572,0.0457459986209869,0.0439149998128414,0.0448350012302398,0.0448350012302398,378
KZ Cash USD,KZC-USD,2020-04-22,0.0448359996080398,0.0466240011155605,0.043333999812603,0.0449029989540576,0.0449029989540576,460
KZ Cash USD,KZC-USD,2020-04-23,0.0449049994349479,0.0495099984109401,0.0431800000369548,0.0494249984622001,0.0494249984622001,2209
KZ Cash USD,KZC-USD,2020-04-24,0.0494230017066001,0.0494920015335083,0.0447480008006095,0.0461269989609718,0.0461269989609718,514
KZ Cash USD,KZC-USD,2020-04-25,0.0461280010640621,0.0500489994883537,0.0456719994544982,0.0478679984807968,0.0478679984807968,1285
KZ Cash USD,KZC-USD,2020-04-26,0.0478690005838871,0.0499599985778331,0.0468580015003681,0.0484139993786811,0.0484139993786811,266
KZ Cash USD,KZC-USD,2020-04-27,0.0484640002250671,0.0689349994063377,0.0453820005059242,0.0593249984085559,0.0593249984085559,46409
KZ Cash USD,KZC-USD,2020-04-28,0.0593219995498657,0.0617729984223842,0.0523689985275268,0.0570540018379688,0.0570540018379688,18429
KZ Cash USD,KZC-USD,2020-04-29,0.0570520013570785,0.0598669983446598,0.0527159981429576,0.0574299991130828,0.0574299991130828,13340
KZ Cash USD,KZC-USD,2020-04-30,0.0574249997735023,0.059749998152256,0.0506480000913143,0.0529799982905387,0.0529799982905387,7803
KZ Cash USD,KZC-USD,2020-05-01,0.0529799982905387,0.0577949993312358,0.0529799982905387,0.0553649999201297,0.0553649999201297,5315
KZ Cash USD,KZC-USD,2020-05-02,0.0553609989583492,0.0553609989583492,0.0504230000078678,0.0550989992916584,0.0550989992916584,3657
KZ Cash USD,KZC-USD,2020-05-03,0.0551000013947486,0.0599000006914138,0.0527990013360977,0.0550689995288848,0.0550689995288848,4728
KZ Cash USD,KZC-USD,2020-05-04,0.0550930015742778,0.056632000952959,0.0521729998290538,0.0562550015747547,0.0562550015747547,929
KZ Cash USD,KZC-USD,2020-05-05,0.0562519989907741,0.0565869994461536,0.0518490001559257,0.0518799982964992,0.0518799982964992,492
KZ Cash USD,KZC-USD,2020-05-06,0.0518629997968673,0.0567359998822212,0.0517229996621608,0.0541680008172988,0.0541680008172988,471
KZ Cash USD,KZC-USD,2020-05-07,0.0541680008172988,0.0593569986522197,0.0522839985787868,0.0546949990093708,0.0546949990093708,6491
KZ Cash USD,KZC-USD,2020-05-08,0.0546989999711513,0.0595480017364025,0.054552998393774,0.0545650012791156,0.0545650012791156,3119
KZ Cash USD,KZC-USD,2020-05-09,0.0545650012791156,0.0569109991192817,0.0523310005664825,0.0546669997274875,0.0546669997274875,2943
KZ Cash USD,KZC-USD,2020-05-10,0.0546669997274875,0.0546669997274875,0.0496810004115104,0.0499869994819164,0.0499869994819164,1623
KZ Cash USD,KZC-USD,2020-05-11,0.050000000745058,0.05197099968791,0.048930998891592,0.0496490001678466,0.0496490001678466,911
KZ Cash USD,KZC-USD,2020-05-12,0.0496539995074272,0.0538149997591972,0.0494490005075931,0.0511370003223419,0.0511370003223419,1612
KZ Cash USD,KZC-USD,2020-05-13,0.0511370003223419,0.0538920015096664,0.0495559982955455,0.0517549999058246,0.0517549999058246,1189
KZ Cash USD,KZC-USD,2020-05-14,0.0517229996621608,0.0541770011186599,0.0513780005276203,0.0518370009958744,0.0518370009958744,425
KZ Cash USD,KZC-USD,2020-05-15,0.0518309995532035,0.0538309998810291,0.0512139983475208,0.0517520010471344,0.0517520010471344,768
KZ Cash USD,KZC-USD,2020-05-16,0.051766000688076,0.0523330010473728,0.0495470017194747,0.0511079989373683,0.0511079989373683,458
KZ Cash USD,KZC-USD,2020-05-17,0.0511119998991489,0.0541750006377697,0.0498740002512931,0.0520789995789527,0.0520789995789527,980
KZ Cash USD,KZC-USD,2020-05-18,0.0520690008997917,0.0548599995672702,0.052021000534296,0.0547909997403621,0.0547909997403621,273
KZ Cash USD,KZC-USD,2020-05-19,0.0547869987785816,0.0551169998943805,0.0524999983608722,0.0549140013754367,0.0549140013754367,631
KZ Cash USD,KZC-USD,2020-05-20,0.054917998611927,0.0553979985415935,0.0525939986109733,0.0529940016567707,0.0529940016567707,938
KZ Cash USD,KZC-USD,2020-05-21,0.0529870018362998,0.0554939992725849,0.0506509989500045,0.0532779991626739,0.0532779991626739,1428
KZ Cash USD,KZC-USD,2020-05-22,0.0532770007848739,0.0554249994456768,0.0508439987897872,0.053041998296976,0.053041998296976,2367
KZ Cash USD,KZC-USD,2020-05-23,0.053041998296976,0.0552720017731189,0.0513980016112327,0.0517630018293857,0.0517630018293857,307
KZ Cash USD,KZC-USD,2020-05-24,0.0517640002071857,0.0547749996185302,0.0507379993796348,0.0546130016446113,0.0546130016446113,649
KZ Cash USD,KZC-USD,2020-05-25,0.0545989982783794,0.089428000152111,0.0506949983537197,0.0679100006818771,0.0679100006818771,104332
KZ Cash USD,KZC-USD,2020-05-26,0.0655340030789375,0.0937979966402053,0.0655340030789375,0.0889939963817596,0.0889939963817596,82775
KZ Cash USD,KZC-USD,2020-05-27,0.0889939963817596,0.1025469973683357,0.0715340003371238,0.0844549983739852,0.0844549983739852,81501
KZ Cash USD,KZC-USD,2020-05-28,0.0844539999961853,0.084706999361515,0.0696460008621215,0.0721089988946914,0.0721089988946914,17862
KZ Cash USD,KZC-USD,2020-05-29,0.0721179991960525,0.074703000485897,0.0624120011925697,0.0698280036449432,0.0698280036449432,16886
KZ Cash USD,KZC-USD,2020-05-30,0.0698280036449432,0.069861002266407,0.0624070018529892,0.0673639997839927,0.0673639997839927,11816
KZ Cash USD,KZC-USD,2020-05-31,0.0673639997839927,0.0748199969530105,0.0672570019960403,0.0697830021381378,0.0697830021381378,13676
KZ Cash USD,KZC-USD,2020-06-01,0.0697730034589767,0.0727099999785423,0.0655540004372596,0.0657439976930618,0.0657439976930618,6096
KZ Cash USD,KZC-USD,2020-06-02,0.0657399967312812,0.0738909989595413,0.0656429976224899,0.0686509981751442,0.0686509981751442,6768
KZ Cash USD,KZC-USD,2020-06-03,0.0686509981751442,0.0710809975862503,0.0678239986300468,0.0705870017409324,0.0705870017409324,1319
KZ Cash USD,KZC-USD,2020-06-04,0.070591002702713,0.0708340033888816,0.0649409964680671,0.0685440003871917,0.0685440003871917,1754
KZ Cash USD,KZC-USD,2020-06-05,0.0685440003871917,0.070882998406887,0.0657539963722229,0.0705109983682632,0.0705109983682632,6072
KZ Cash USD,KZC-USD,2020-06-06,0.0705109983682632,0.0708570033311843,0.0651860013604164,0.0681079998612403,0.0681079998612403,1817
KZ Cash USD,KZC-USD,2020-06-07,0.0681079998612403,0.0681380033493042,0.0643789991736412,0.0659139975905418,0.0659139975905418,1333
KZ Cash USD,KZC-USD,2020-06-08,0.0659070014953613,0.0709889978170394,0.0612460002303123,0.0686170011758804,0.0686170011758804,2679
KZ Cash USD,KZC-USD,2020-06-09,0.0686220005154609,0.0735369995236396,0.0678749978542327,0.0686680004000663,0.0686680004000663,10153
KZ Cash USD,KZC-USD,2020-06-10,0.0686570033431053,0.071271002292633,0.0654280036687851,0.0702859982848167,0.0702859982848167,1853
KZ Cash USD,KZC-USD,2020-06-11,0.0702859982848167,0.0706439986824989,0.0639910027384758,0.0641940012574195,0.0641940012574195,659
KZ Cash USD,KZC-USD,2020-06-12,0.0641829967498779,0.0663700029253959,0.0606020018458366,0.061524998396635,0.061524998396635,278
KZ Cash USD,KZC-USD,2020-06-13,0.0615300014615058,0.0702949985861778,0.0611819997429847,0.0674860030412674,0.0674860030412674,2746
KZ Cash USD,KZC-USD,2020-06-14,0.0674860030412674,0.0698079988360405,0.0591580010950565,0.0602799989283084,0.0602799989283084,576
KZ Cash USD,KZC-USD,2020-06-15,0.0602799989283084,0.0664229989051818,0.0602790005505085,0.0663639977574348,0.0663639977574348,8642
KZ Cash USD,KZC-USD,2020-06-16,0.0663660019636154,0.0665749981999397,0.060394000262022,0.0604900009930133,0.0604900009930133,557
KZ Cash USD,KZC-USD,2020-06-17,0.0604920014739036,0.0660820007324218,0.0601399987936019,0.061209000647068,0.061209000647068,1528
KZ Cash USD,KZC-USD,2020-06-18,0.061209000647068,0.065430998802185,0.0610469989478588,0.0641359984874725,0.0641359984874725,660
KZ Cash USD,KZC-USD,2020-06-19,0.0641819983720779,0.0654689967632293,0.0623279996216297,0.0644539967179298,0.0644539967179298,468
KZ Cash USD,KZC-USD,2020-06-20,0.0644539967179298,0.0645859986543655,0.0585919991135597,0.0587089993059635,0.0587089993059635,192
KZ Cash USD,KZC-USD,2020-06-21,0.0586900003254413,0.0655229985713958,0.0580709986388683,0.0640560016036033,0.0640560016036033,987
KZ Cash USD,KZC-USD,2020-06-22,0.0640529990196228,0.0662159994244575,0.061719998717308,0.0636999979615211,0.0636999979615211,778
KZ Cash USD,KZC-USD,2020-06-23,0.0637030005455017,0.0646020025014877,0.0580729991197586,0.0601789988577365,0.0601789988577365,349
KZ Cash USD,KZC-USD,2020-06-24,0.0601920001208782,0.0615900009870529,0.0583430007100105,0.060819998383522,0.060819998383522,549
KZ Cash USD,KZC-USD,2020-06-25,0.0608340017497539,0.0649729967117309,0.0579940006136894,0.0625080019235611,0.0625080019235611,2950
KZ Cash USD,KZC-USD,2020-06-26,0.0625009983777999,0.0626849979162216,0.057362999767065,0.0599749982357025,0.0599749982357025,2250
KZ Cash USD,KZC-USD,2020-06-27,0.0599749982357025,0.0599850006401538,0.0551850013434886,0.0574019998311996,0.0574019998311996,1644
KZ Cash USD,KZC-USD,2020-06-28,0.0574019998311996,0.0588649995625019,0.0557980015873909,0.0586580000817775,0.0586580000817775,1087
KZ Cash USD,KZC-USD,2020-06-29,0.0586580000817775,0.0617149993777275,0.0567910000681877,0.057328000664711,0.057328000664711,984
KZ Cash USD,KZC-USD,2020-06-30,0.0573219992220401,0.0626870021224021,0.0564730018377304,0.0576720014214515,0.0576720014214515,2234
KZ Cash USD,KZC-USD,2020-07-01,0.0576750002801418,0.0602740012109279,0.0545970015227794,0.0597749985754489,0.0597749985754489,1546
KZ Cash USD,KZC-USD,2020-07-02,0.059773001819849,0.0600619986653327,0.0533379986882209,0.0541500002145767,0.0541500002145767,468
KZ Cash USD,KZC-USD,2020-07-03,0.0542600005865097,0.0567810013890266,0.0536540001630783,0.0543599985539913,0.0543599985539913,835
KZ Cash USD,KZC-USD,2020-07-04,0.0543610006570816,0.0590489991009235,0.0539849996566772,0.0559489987790584,0.0559489987790584,672
KZ Cash USD,KZC-USD,2020-07-05,0.0559450015425682,0.0582749992609024,0.0544749982655048,0.0549070015549659,0.0549070015549659,458
KZ Cash USD,KZC-USD,2020-07-06,0.0549070015549659,0.0594520010054111,0.0539509989321231,0.0573850013315677,0.0573850013315677,515
KZ Cash USD,KZC-USD,2020-07-07,0.0573839992284774,0.0600050017237663,0.056683000177145,0.0596840009093284,0.0596840009093284,822
KZ Cash USD,KZC-USD,2020-07-08,0.0596809983253479,0.0642469972372055,0.0563139989972114,0.0621820017695426,0.0621820017695426,2850
KZ Cash USD,KZC-USD,2020-07-09,0.0621780008077621,0.0668980032205581,0.059638999402523,0.0649899989366531,0.0649899989366531,3829
KZ Cash USD,KZC-USD,2020-07-10,0.0649909973144531,0.065039999783039,0.0585119985044002,0.0608280003070831,0.0608280003070831,197
KZ Cash USD,KZC-USD,2020-07-11,0.0608289986848831,0.0651369988918304,0.0575909987092018,0.0651329979300499,0.0651329979300499,1966
KZ Cash USD,KZC-USD,2020-07-12,0.0651329979300499,0.0651369988918304,0.0570750012993812,0.0611729994416236,0.0611729994416236,460
KZ Cash USD,KZC-USD,2020-07-13,0.0611729994416236,0.0621419996023178,0.0569760017096996,0.0585570000112056,0.0585570000112056,641
KZ Cash USD,KZC-USD,2020-07-14,0.0585139989852905,0.0621749982237815,0.0567900016903877,0.0584359988570213,0.0584359988570213,166
KZ Cash USD,KZC-USD,2020-07-15,0.0584359988570213,0.0590949989855289,0.0541310012340545,0.0583960004150867,0.0583960004150867,429
KZ Cash USD,KZC-USD,2020-07-16,0.0583949983119964,0.0707539990544319,0.0582900010049343,0.0706259980797767,0.0706259980797767,7625
KZ Cash USD,KZC-USD,2020-07-17,0.0706320032477378,0.0707930028438568,0.0610760003328323,0.0633630007505416,0.0633630007505416,2750
KZ Cash USD,KZC-USD,2020-07-18,0.0633630007505416,0.0660829991102218,0.0588259994983673,0.0588279999792575,0.0588279999792575,774
KZ Cash USD,KZC-USD,2020-07-19,0.0588270016014575,0.0666140019893646,0.0575410015881061,0.059298999607563,0.059298999607563,172
KZ Cash USD,KZC-USD,2020-07-20,0.0593440011143684,0.0662399977445602,0.0582249984145164,0.0631380006670951,0.0631380006670951,1187
KZ Cash USD,KZC-USD,2020-07-21,0.0631430000066757,0.0660850033164024,0.0573109984397888,0.0625630021095275,0.0625630021095275,739
KZ Cash USD,KZC-USD,2020-07-22,0.0625670030713081,0.0662010014057159,0.062424998730421,0.0644230023026466,0.0644230023026466,519
KZ Cash USD,KZC-USD,2020-07-23,0.064421996474266,0.065932996571064,0.0503619983792305,0.0551449991762638,0.0551449991762638,26200
KZ Cash USD,KZC-USD,2020-07-24,0.0551429986953735,0.0575230009853839,0.034120999276638,0.0459959991276264,0.0459959991276264,18253
KZ Cash USD,KZC-USD,2020-07-25,0.0459970012307167,0.0499269999563694,0.0400040000677108,0.0476120002567768,0.0476120002567768,8956
KZ Cash USD,KZC-USD,2020-07-26,0.0476120002567768,0.0501240007579326,0.0445609986782074,0.0474000014364719,0.0474000014364719,8347
KZ Cash USD,KZC-USD,2020-07-27,0.0473989993333816,0.0479900017380714,0.0416290014982223,0.0453279986977577,0.0453279986977577,11047
KZ Cash USD,KZC-USD,2020-07-28,0.0453310012817382,0.0454410016536712,0.0397300012409687,0.0450269989669323,0.0450269989669323,8864
KZ Cash USD,KZC-USD,2020-07-29,0.0450269989669323,0.0450569987297058,0.0213559996336698,0.0319029986858367,0.0319029986858367,47694
KZ Cash USD,KZC-USD,2020-07-30,0.0319029986858367,0.031955998390913,0.0258910004049539,0.0259290002286434,0.0259290002286434,6203
KZ Cash USD,KZC-USD,2020-07-31,0.025925999507308,0.025925999507308,0.0013960000360384,0.0097089996561408,0.0097089996561408,496
KZ Cash USD,KZC-USD,2020-08-01,0.0097089996561408,0.0148160001263022,0.0073020001873373,0.0091909999027848,0.0091909999027848,208
KZ Cash USD,KZC-USD,2020-08-02,0.0091899996623396,0.0092259999364614,0.0074370000511407,0.0085140001028776,0.0085140001028776,3
KZ Cash USD,KZC-USD,2020-08-03,0.0085180001333355,0.008627999573946,0.0041869999840855,0.0043859998695552,0.0043859998695552,15
KZ Cash USD,KZC-USD,2020-08-04,0.0043859998695552,0.0052880002185702,0.0041479999199509,0.0051560001447796,0.0051560001447796,101
KZ Cash USD,KZC-USD,2020-08-05,0.0051569999195635,0.0055880001746118,0.0051259999163448,0.0055709998123347,0.0055709998123347,69
KZ Cash USD,KZC-USD,2020-08-06,0.0055709998123347,0.0059079998172819,0.0055109998211264,0.0055800001136958,0.0055800001136958,81
KZ Cash USD,KZC-USD,2020-08-07,0.0055800001136958,0.0056050000712275,0.0047849998809397,0.0050769997760653,0.0050769997760653,69
KZ Cash USD,KZC-USD,2020-08-08,0.0050780000165104,0.0051009999588131,0.0046330001205205,0.0050039999186992,0.0050039999186992,89
KZ Cash USD,KZC-USD,2020-08-09,0.0050059999339282,0.0051589999347925,0.0046740001998841,0.0051540001295506,0.0051540001295506,38
KZ Cash USD,KZC-USD,2020-08-10,0.0051560001447796,0.0063299997709691,0.0047699999995529,0.0062400000169873,0.0062400000169873,115
KZ Cash USD,KZC-USD,2020-08-11,0.0062420000322163,0.006260999944061,0.0048250001855194,0.0053099999204277,0.0053099999204277,37
KZ Cash USD,KZC-USD,2020-08-12,0.0053130001761019,0.0055350000038743,0.0047129997983574,0.0048219999298453,0.0048219999298453,11
KZ Cash USD,KZC-USD,2020-08-13,0.0048219999298453,0.0048560001887381,0.0046330001205205,0.0048549999482929,0.0048549999482929,8
KZ Cash USD,KZC-USD,2020-08-14,0.0048529999330639,0.0048770001158118,0.0046720001846551,0.0047050002031028,0.0047050002031028,6
KZ Cash USD,KZC-USD,2020-08-15,0.0047070002183318,0.0047849998809397,0.0047070002183318,0.004751999862492,0.004751999862492,23
KZ Cash USD,KZC-USD,2020-08-16,0.0047510000877082,0.0049209999851882,0.0046480000019073,0.0048969998024404,0.0048969998024404,56
KZ Cash USD,KZC-USD,2020-08-17,0.0048969998024404,0.0051000001840293,0.0048480001278221,0.0050699999555945,0.0050699999555945,19
KZ Cash USD,KZC-USD,2020-08-18,0.0050690001808106,0.0051279999315738,0.0044089998118579,0.0048509999178349,0.0048509999178349,79
KZ Cash USD,KZC-USD,2020-08-19,0.0048509999178349,0.0048699998296797,0.0046239998191595,0.0047650001943111,0.0047650001943111,45
KZ Cash USD,KZC-USD,2020-08-20,0.0047650001943111,0.0048179998993873,0.0046569998376071,0.004668999928981,0.004668999928981,28
KZ Cash USD,KZC-USD,2020-08-21,0.0046680001541972,0.0046720001846551,0.0039630001410841,0.0040670000016689,0.0040670000016689,59
KZ Cash USD,KZC-USD,2020-08-22,0.0040679997764527,0.0040710000321269,0.0033970000222325,0.0034099998883903,0.0034099998883903,9
KZ Cash USD,KZC-USD,2020-08-23,0.0034099998883903,0.004590000025928,0.0033990000374615,0.0045719998888671,0.0045719998888671,17
KZ Cash USD,KZC-USD,2020-08-24,0.0045719998888671,0.0045719998888671,0.003474999917671,0.0034920000471174,0.0034920000471174,33
KZ Cash USD,KZC-USD,2020-08-25,0.0034920000471174,0.0039510000497102,0.0034320000559091,0.0039200000464916,0.0039200000464916,39
KZ Cash USD,KZC-USD,2020-08-26,0.0039149997755885,0.0043759997934103,0.0037909999955445,0.0043640001676976,0.0043640001676976,6
KZ Cash USD,KZC-USD,2020-08-27,0.0043620001524686,0.0043660001829266,0.0023219999857246,0.0023560000117868,0.0023560000117868,50
KZ Cash USD,KZC-USD,2020-08-28,0.0023560000117868,0.0031590000726282,0.0023550000041723,0.0030179999303072,0.0030179999303072,16
KZ Cash USD,KZC-USD,2020-08-29,0.0030179999303072,0.0030410001054406,0.0028800000436604,0.0029329999815672,0.0029329999815672,0
KZ Cash USD,KZC-USD,2020-08-30,0.0029329999815672,0.0029329999815672,0.0026650000363588,0.0028099999763071,0.0028099999763071,16
KZ Cash USD,KZC-USD,2020-08-31,0.0028109999839216,0.0028129999991506,0.0026539999525994,0.002684999955818,0.002684999955818,13
KZ Cash USD,KZC-USD,2020-09-01,0.002684999955818,0.0027209999971091,0.0026340000331401,0.0026549999602138,0.0026549999602138,15
KZ Cash USD,KZC-USD,2020-09-02,0.0026549999602138,0.0027320000808686,0.0022179998923093,0.0022450000979006,0.0022450000979006,8
KZ Cash USD,KZC-USD,2020-09-03,0.0022440000902861,0.0034270000178366,0.0022410000674426,0.0023290000390261,0.0023290000390261,25
KZ Cash USD,KZC-USD,2020-09-04,0.0023300000466406,0.0031109999399632,0.0022690000478178,0.0030720001086592,0.0030720001086592,37
KZ Cash USD,KZC-USD,2020-09-05,0.0030710001010447,0.0030950000509619,0.001808000029996,0.0018540000310167,0.0018540000310167,6
KZ Cash USD,KZC-USD,2020-09-06,0.0018540000310167,0.0022809999063611,0.0018489999929443,0.0022650000173598,0.0022650000173598,8
KZ Cash USD,KZC-USD,2020-09-07,0.0022650000173598,0.0027789999730885,0.0018429999472573,0.0019069999689236,0.0019069999689236,1
KZ Cash USD,KZC-USD,2020-09-08,0.0019079999765381,0.0019199999514967,0.0018299999646842,0.0018500000005587,0.0018500000005587,0
KZ Cash USD,KZC-USD,2020-09-09,0.0018500000005587,0.0029309999663382,0.0018500000005587,0.0018739999504759,0.0018739999504759,2
KZ Cash USD,KZC-USD,2020-09-10,0.0018739999504759,0.0019189999438822,0.0018739999504759,0.001892999978736,0.001892999978736,0
KZ Cash USD,KZC-USD,2020-09-11,0.001892999978736,0.0019049999536946,0.0018759999657049,0.0019030000548809,0.0019030000548809,0
KZ Cash USD,KZC-USD,2020-09-12,0.0019030000548809,0.0019189999438822,0.0018850000342354,0.0019109999993816,0.0019109999993816,0
KZ Cash USD,KZC-USD,2020-09-13,0.0019109999993816,0.0019109999993816,0.0016370000084862,0.0016530000139027,0.0016530000139027,1
KZ Cash USD,KZC-USD,2020-09-14,0.0016530000139027,0.002422000048682,0.0016439999453723,0.0024149999953806,0.0024149999953806,10
KZ Cash USD,KZC-USD,2020-09-15,0.0024160000029951,0.0024180000182241,0.0021289999131113,0.0021589999087154,0.0021589999087154,5
KZ Cash USD,KZC-USD,2020-09-16,0.0021579999011009,0.0023980000987648,0.0019290000200271,0.0023709998931735,0.0023709998931735,13
KZ Cash USD,KZC-USD,2020-09-17,0.0023709998931735,0.0027000000700354,0.0023670000955462,0.0025989999994635,0.0025989999994635,6
KZ Cash USD,KZC-USD,2020-09-18,0.0025989999994635,0.0025989999994635,0.0016670000040903,0.0016759999562054,0.0016759999562054,0
KZ Cash USD,KZC-USD,2020-09-19,0.0016759999562054,0.0019980000797659,0.0016690000193193,0.0019960000645369,0.0019960000645369,3
KZ Cash USD,KZC-USD,2020-09-20,0.0019960000645369,0.0023550000041723,0.0016629999736323,0.0016830000095069,0.0016830000095069,11
KZ Cash USD,KZC-USD,2020-09-21,0.0016830000095069,0.0019300000276416,0.0015979999443516,0.0015979999443516,0.0015979999443516,1
KZ Cash USD,KZC-USD,2020-09-22,0.0015979999443516,0.0029800001066178,0.0015910000074654,0.0029490001033991,0.0029490001033991,20
KZ Cash USD,KZC-USD,2020-09-23,0.0029849999118596,0.0128399999812245,0.002064999891445,0.002068999921903,0.002068999921903,194
KZ Cash USD,KZC-USD,2020-09-24,0.002068999921903,0.0026090000756084,0.002064999891445,0.0021520000882446,0.0021520000882446,81
KZ Cash USD,KZC-USD,2020-09-25,0.0021520000882446,0.0898900032043457,0.0021399999968707,0.0037140001077204,0.0037140001077204,36
KZ Cash USD,KZC-USD,2020-09-26,0.0037140001077204,0.0037229999434202,0.0007099999929778,0.0007099999929778,0.0007099999929778,10
KZ Cash USD,KZC-USD,2020-09-27,0.0007099999929778,0.0023769999388605,0.0006990000256337,0.0023709998931735,0.0023709998931735,18
KZ Cash USD,KZC-USD,2020-09-28,0.0023709998931735,0.0023900000378489,0.0019109999993816,0.0019389999797567,0.0019389999797567,1
KZ Cash USD,KZC-USD,2020-09-29,0.0019389999797567,0.0111509999260306,0.0019219999667257,0.0019570000004023,0.0019570000004023,1
KZ Cash USD,KZC-USD,2020-09-30,0.0019570000004023,0.0019600000232458,0.0019300000276416,0.0019519999623298,0.0019519999623298,4
KZ Cash USD,KZC-USD,2020-10-01,0.0019519999623298,0.0019789999350905,0.0018960000015795,0.0019219999667257,0.0019219999667257,1
KZ Cash USD,KZC-USD,2020-10-02,0.0019219999667257,0.0019229999743402,0.0016149999573826,0.0016390000237151,0.0016390000237151,1
KZ Cash USD,KZC-USD,2020-10-03,0.0016390000237151,0.0023650000803172,0.0016299999551847,0.0021899999119341,0.0021899999119341,22
KZ Cash USD,KZC-USD,2020-10-04,0.0021899999119341,0.002295000012964,0.0016439999453723,0.002292999997735,0.002292999997735,9
KZ Cash USD,KZC-USD,2020-10-05,0.002292999997735,0.0028999999631196,0.0022879999596625,0.0026469998992979,0.0026469998992979,7
KZ Cash USD,KZC-USD,2020-10-06,0.0026469998992979,0.0026469998992979,0.0016850000247359,0.0021009999327361,0.0021009999327361,25
KZ Cash USD,KZC-USD,2020-10-07,0.0021009999327361,0.0023380001075565,0.0017500000540167,0.0021750000305473,0.0021750000305473,10
KZ Cash USD,KZC-USD,2020-10-08,0.0021750000305473,0.002292999997735,0.0019920000340789,0.0020029998850077,0.0020029998850077,0
KZ Cash USD,KZC-USD,2020-10-09,0.0020029998850077,0.0020099999383091,0.0018560000462457,0.0018810000037774,0.0018810000037774,1
KZ Cash USD,KZC-USD,2020-10-10,0.0018810000037774,0.0020729999523609,0.0018149999668821,0.0018189999973401,0.0018189999973401,5
KZ Cash USD,KZC-USD,2020-10-11,0.0018189999973401,0.0018400000408291,0.0018179999897256,0.0018329999875277,0.0018329999875277,5
KZ Cash USD,KZC-USD,2020-10-12,0.0018329999875277,0.0020659998990595,0.0018240000354126,0.0018260000506415,0.0018260000506415,11
KZ Cash USD,KZC-USD,2020-10-13,0.0018260000506415,0.0018260000506415,0.0017890000017359,0.0018050000071525,0.0018050000071525,10
KZ Cash USD,KZC-USD,2020-10-14,0.0018050000071525,0.0020179999992251,0.0017869999865069,0.001806000014767,0.001806000014767,1
KZ Cash USD,KZC-USD,2020-10-15,0.001806000014767,0.0018279999494552,0.0017859999788925,0.0018159999744966,0.0018159999744966,2
KZ Cash USD,KZC-USD,2020-10-16,0.0018159999744966,0.0020200000144541,0.0017300000181421,0.0017320000333711,0.0017320000333711,5
KZ Cash USD,KZC-USD,2020-10-17,0.0017320000333711,0.0017419999931007,0.0017269999952986,0.0017379999626427,0.0017379999626427,4
KZ Cash USD,KZC-USD,2020-10-18,0.0017379999626427,0.0017569999909028,0.0017359999474138,0.0017569999909028,0.0017569999909028,4
KZ Cash USD,KZC-USD,2020-10-19,0.0017569999909028,0.0019849999807775,0.0017399999778717,0.001784999971278,0.001784999971278,5
KZ Cash USD,KZC-USD,2020-10-20,0.001784999971278,0.0018240000354126,0.0017760000191628,0.0018110000528395,0.0018110000528395,1
KZ Cash USD,KZC-USD,2020-10-21,0.0018110000528395,0.0019859999883919,0.0018050000071525,0.0019320000428706,0.0019320000428706,16
KZ Cash USD,KZC-USD,2020-10-22,0.0019320000428706,0.0019610000308603,0.0016530000139027,0.0016860000323504,0.0016860000323504,1
KZ Cash USD,KZC-USD,2020-10-23,0.0016860000323504,0.0018850000342354,0.0016700000269338,0.0018720000516623,0.0018720000516623,0
KZ Cash USD,KZC-USD,2020-10-24,0.0018720000516623,0.0019059999613091,0.0018690000288188,0.0018939999863505,0.0018939999863505,0
KZ Cash USD,KZC-USD,2020-10-25,0.001892999978736,0.0019079999765381,0.0018710000440478,0.001894999993965,0.001894999993965,0
KZ Cash USD,KZC-USD,2020-10-26,0.0018960000015795,0.0019249999895691,0.0018670000135898,0.001894999993965,0.001894999993965,0
KZ Cash USD,KZC-USD,2020-10-27,0.001894999993965,0.0019680000841617,0.0012270000297576,0.0012270000297576,0.0012270000297576,1
KZ Cash USD,KZC-USD,2020-10-28,0.0012290000449866,0.0015620000194758,0.0012260000221431,0.0014840000076219,0.0014840000076219,3
KZ Cash USD,KZC-USD,2020-10-29,0.0014840000076219,0.0017879999941214,0.00129799998831,0.0017719999887049,0.0017719999887049,0
KZ Cash USD,KZC-USD,2020-10-30,0.0017709999810904,0.0017819999484345,0.0017079999670386,0.0017409999854862,0.0017409999854862,0
KZ Cash USD,KZC-USD,2020-10-31,0.0017389999702572,0.0017569999909028,0.0017180000431835,0.0017419999931007,0.0017419999931007,0
KZ Cash USD,KZC-USD,2020-11-01,0.0017419999931007,0.0017750000115484,0.0017209999496117,0.0017610000213608,0.0017610000213608,0
KZ Cash USD,KZC-USD,2020-11-02,0.0017620000289753,0.0017709999810904,0.0017069999594241,0.0017300000181421,0.0017300000181421,0
KZ Cash USD,KZC-USD,2020-11-03,0.0017290000105276,0.0022460001055151,0.0013340000296011,0.0013909999979659,0.0013909999979659,6
KZ Cash USD,KZC-USD,2020-11-04,0.0013950000284239,0.0020089999306946,0.0013579999795183,0.0020029998850077,0.0020029998850077,0
KZ Cash USD,KZC-USD,2020-11-05,0.0020029998850077,0.0021180000621825,0.0020010001026093,0.0021089999936521,0.0021089999936521,0
KZ Cash USD,KZC-USD,2020-11-06,0.0021089999936521,0.0021329999435693,0.0020830000285059,0.0021069999784231,0.0021069999784231,0
KZ Cash USD,KZC-USD,2020-11-07,0.0021079999860376,0.0021140000317245,0.0014420000370591,0.0014850000152364,0.0014850000152364,1
KZ Cash USD,KZC-USD,2020-11-08,0.0014830000000074,0.00211300002411,0.0014740000478923,0.0015490000369027,0.0015490000369027,1
KZ Cash USD,KZC-USD,2020-11-09,0.0015480000292882,0.0021019999403506,0.0014870000304654,0.0020910000894218,0.0020910000894218,0
KZ Cash USD,KZC-USD,2020-11-10,0.0020910000894218,0.0020969999022781,0.0013160000089555,0.0013299999991431,0.0013299999991431,1
KZ Cash USD,KZC-USD,2020-11-11,0.0013299999991431,0.002064999891445,0.0013299999991431,0.0020500000100582,0.0020500000100582,0
KZ Cash USD,KZC-USD,2020-11-12,0.0020500000100582,0.0020789999980479,0.0013930000131949,0.0014329999685287,0.0014329999685287,1
KZ Cash USD,KZC-USD,2020-11-13,0.0014319999609142,0.0019610000308603,0.0014319999609142,0.0019570000004023,0.0019570000004023,9
KZ Cash USD,KZC-USD,2020-11-14,0.0019580000080168,0.0025649999734014,0.0019470000406727,0.0022050000261515,0.0022050000261515,27
KZ Cash USD,KZC-USD,2020-11-15,0.002204000018537,0.0023960000835359,0.0014049999881535,0.0023940000683069,0.0023940000683069,12
KZ Cash USD,KZC-USD,2020-11-16,0.0023930000606924,0.0024659999180585,0.0022680000402033,0.002292999997735,0.002292999997735,0
KZ Cash USD,KZC-USD,2020-11-17,0.002290999982506,0.002292999997735,0.0014580000424757,0.0015369999455288,0.0015369999455288,5
KZ Cash USD,KZC-USD,2020-11-18,0.0015350000467151,0.0015999999595806,0.0015099999727681,0.0015500000445172,0.0015500000445172,5
KZ Cash USD,KZC-USD,2020-11-19,0.0015490000369027,0.0025369999930262,0.0015330000314861,0.002430000109598,0.002430000109598,21
KZ Cash USD,KZC-USD,2020-11-20,0.002430000109598,0.0029120000544935,0.0015589999966323,0.0029060000088065,0.0029060000088065,7
KZ Cash USD,KZC-USD,2020-11-21,0.0029060000088065,0.0029160000849515,0.0009490000084042,0.0009599999757483,0.0009599999757483,15
KZ Cash USD,KZC-USD,2020-11-22,0.0009599999757483,0.0016199999954551,0.0009139999747276,0.0015979999443516,0.0015979999443516,5
KZ Cash USD,KZC-USD,2020-11-23,0.0015979999443516,0.001628000056371,0.0015660000499337,0.0015979999443516,0.0015979999443516,5
KZ Cash USD,KZC-USD,2020-11-24,0.0015979999443516,0.0018840000266209,0.0015770000172778,0.0018729999428614,0.0018729999428614,0
KZ Cash USD,KZC-USD,2020-11-25,0.0018729999428614,0.0018860000418499,0.0015790000325068,0.0015920000150799,0.0015920000150799,9
KZ Cash USD,KZC-USD,2020-11-26,0.0015920000150799,0.0016039999900385,0.0012590000405907,0.0013180000241845,0.0013180000241845,8
KZ Cash USD,KZC-USD,2020-11-27,0.0013200000394135,0.0017359999474138,0.0011239999439567,0.0011630000080913,0.0011630000080913,1
KZ Cash USD,KZC-USD,2020-11-28,0.0011630000080913,0.0017020000377669,0.0011500000255182,0.0016969999996945,0.0016969999996945,0
KZ Cash USD,KZC-USD,2020-11-29,0.0016969999996945,0.001719000050798,0.0016909999540075,0.00171500002034,0.00171500002034,0
KZ Cash USD,KZC-USD,2020-11-30,0.00171500002034,0.0017770000267773,0.00171500002034,0.0017719999887049,0.0017719999887049,0
KZ Cash USD,KZC-USD,2020-12-01,0.0017719999887049,0.0017810000572353,0.0017209999496117,0.0017399999778717,0.0017399999778717,0
KZ Cash USD,KZC-USD,2020-12-02,0.0017399999778717,0.0017590000061318,0.0007329999934881,0.0007489999989047,0.0007489999989047,1
KZ Cash USD,KZC-USD,2020-12-03,0.0007489999989047,0.0015800000401213,0.0007379999733529,0.0015770000172778,0.0015770000172778,0
KZ Cash USD,KZC-USD,2020-12-04,0.0015770000172778,0.0826480016112327,0.0014420000370591,0.0295759998261928,0.0295759998261928,0
KZ Cash USD,KZC-USD,2020-12-05,0.0295729991048574,0.0371919982135295,0.0122210001572966,0.0204530004411935,0.0204530004411935,0
KZ Cash USD,KZC-USD,2020-12-06,0.0204550009220838,2.196249961853028,0.0007450000266544,0.0007539999787695,0.0007539999787695,1
KZ Cash USD,KZC-USD,2020-12-07,0.0007539999787695,0.4918270111083984,0.0007459999760612,0.4660870134830475,0.4660870134830475,0
KZ Cash USD,KZC-USD,2020-12-08,0.4660550057888031,0.5208359956741333,0.4561919867992401,0.4862650036811828,0.4862650036811828,0
KZ Cash USD,KZC-USD,2020-12-09,0.4862430095672607,0.549809992313385,0.4601869881153106,0.5387669801712036,0.5387669801712036,0
KZ Cash USD,KZC-USD,2020-12-10,0.5386279821395874,0.5387359857559204,0.0006999999750405,0.0007120000082068,0.0007120000082068,1
KZ Cash USD,KZC-USD,2020-12-11,0.0007120000082068,0.6498469710350037,0.0006949999951757,0.0021669999696314,0.0021669999696314,1
KZ Cash USD,KZC-USD,2020-12-12,0.0021669999696314,0.7002289891242981,0.0010000000474974,0.003000000026077,0.003000000026077,20
KZ Cash USD,KZC-USD,2020-12-13,0.003000000026077,0.8922669887542725,0.003000000026077,0.8102729916572571,0.8102729916572571,0
KZ Cash USD,KZC-USD,2020-12-14,0.8100079894065857,0.8818830251693726,0.0007810000097379,0.0007890000124461,0.0007890000124461,1
KZ Cash USD,KZC-USD,2020-12-15,0.0007890000124461,1.1154379844665527,0.0007820000173524,0.9633690118789672,0.9633690118789672,0
KZ Cash USD,KZC-USD,2020-12-16,0.963262975215912,0.965512990951538,0.000754999986384,0.0011340000201016,0.0011340000201016,10
KZ Cash USD,KZC-USD,2020-12-17,0.0011340000201016,0.0034640000667423,0.0011309999972581,0.0033770001027733,0.0033770001027733,57
KZ Cash USD,KZC-USD,2020-12-18,0.0033750000875443,0.0034340000711381,0.0020600000862032,0.0020779999904334,0.0020779999904334,0
KZ Cash USD,KZC-USD,2020-12-19,0.0020779999904334,0.0021019999403506,0.002070999937132,0.0020969999022781,0.0020969999022781,0
KZ Cash USD,KZC-USD,2020-12-20,0.0020969999022781,0.0021049999631941,0.0020789999980479,0.0020870000589638,0.0020870000589638,0
KZ Cash USD,KZC-USD,2020-12-21,0.0020870000589638,0.0021019999403506,0.0020540000405162,0.0020699999295175,0.0020699999295175,0
KZ Cash USD,KZC-USD,2020-12-22,0.0020699999295175,0.0020949998870491,0.0020610000938177,0.0020949998870491,0.0020949998870491,0
KZ Cash USD,KZC-USD,2020-12-23,0.0020940001122653,0.0021009999327361,0.002070999937132,0.0020820000208914,0.0020820000208914,0
KZ Cash USD,KZC-USD,2020-12-24,0.0020810000132769,0.0020860000513494,0.0013839999446645,0.0014260000316426,0.0014260000316426,1
KZ Cash USD,KZC-USD,2020-12-25,0.0014240000164136,0.0023099998943507,0.0014149999478831,0.0023060000967234,0.0023060000967234,9
KZ Cash USD,KZC-USD,2020-12-26,0.0023050000891089,0.0023109999019652,0.0013060000492259,0.0013480000197887,0.0013480000197887,3
KZ Cash USD,KZC-USD,2020-12-27,0.0013490000274032,0.0014430000446736,0.0013220000546425,0.0013419999741017,0.0013419999741017,1
KZ Cash USD,KZC-USD,2020-12-28,0.0013399999588727,0.0019769999198615,0.0008619999862276,0.000986999948509,0.000986999948509,3
KZ Cash USD,KZC-USD,2020-12-29,0.000986999948509,0.0016349999932572,0.0009350000182166,0.0013680000556632,0.0013680000556632,1
KZ Cash USD,KZC-USD,2020-12-30,0.0013680000556632,0.001388999982737,0.0011299999896436,0.0011889999732375,0.0011889999732375,6
KZ Cash USD,KZC-USD,2020-12-31,0.0011889999732375,0.0012059999862685,0.0011559999547898,0.0011889999732375,0.0011889999732375,1
KZ Cash USD,KZC-USD,2021-01-01,0.0011889999732375,0.0023459999356418,0.0011810000287368,0.0023099998943507,0.0023099998943507,0
KZ Cash USD,KZC-USD,2021-01-02,0.0023139999248087,0.0027179999742656,0.0010010000551119,0.0010470000561326,0.0010470000561326,2
KZ Cash USD,KZC-USD,2021-01-03,0.0010489999549463,0.0013050000416114,0.0010440000332891,0.0012479999568313,0.0012479999568313,2
KZ Cash USD,KZC-USD,2021-01-04,0.0012440000427886,0.0015450000064447,0.0011680000461637,0.0015379999531432,0.0015379999531432,0
KZ Cash USD,KZC-USD,2021-01-05,0.0015379999531432,0.0015950000379234,0.0012870000209659,0.001291999942623,0.001291999942623,2
KZ Cash USD,KZC-USD,2021-01-06,0.001291999942623,0.0016570000443607,0.0012740000383928,0.0016570000443607,0.0016570000443607,0
KZ Cash USD,KZC-USD,2021-01-07,0.0016560000367462,0.0017049999441951,0.0014110000338405,0.001496999990195,0.001496999990195,3
KZ Cash USD,KZC-USD,2021-01-08,0.001494999974966,0.0017440000083297,0.0013999999500811,0.0017399999778717,0.0017399999778717,0
KZ Cash USD,KZC-USD,2021-01-09,0.0017399999778717,0.0025259999092668,0.00169599999208,0.0017340000486001,0.0017340000486001,0
KZ Cash USD,KZC-USD,2021-01-10,0.0017330000409856,0.0017650000518187,0.0011869999580085,0.0012669999850913,0.0012669999850913,2
KZ Cash USD,KZC-USD,2021-01-11,0.0012659999774768,0.0012659999774768,0.001007999991998,0.0011729999678209,0.0011729999678209,1
KZ Cash USD,KZC-USD,2021-01-12,0.0011739999754354,0.001206999993883,0.0010789999505504,0.001118000014685,0.001118000014685,1
KZ Cash USD,KZC-USD,2021-01-13,0.0011190000222995,0.0012410000199452,0.0010750000365078,0.0012309999438002,0.0012309999438002,1
KZ Cash USD,KZC-USD,2021-01-14,0.0012309999438002,0.0015989999519661,0.0012169999536126,0.0015679999487474,0.0015679999487474,3
KZ Cash USD,KZC-USD,2021-01-15,0.0015670000575482,0.0015829999465495,0.0013859999598935,0.0014690000098198,0.0014690000098198,1
KZ Cash USD,KZC-USD,2021-01-16,0.0014730000402778,0.0015150000108405,0.0014250000240281,0.0014489999739453,0.0014489999739453,3
KZ Cash USD,KZC-USD,2021-01-17,0.0014479999663308,0.0014690000098198,0.0013630000175908,0.0014329999685287,0.0014329999685287,1
KZ Cash USD,KZC-USD,2021-01-18,0.0014309999532997,0.0028210000600665,0.0014299999456852,0.0027709999121725,0.0027709999121725,19
KZ Cash USD,KZC-USD,2021-01-19,0.0027689998969435,0.002775999950245,0.0014469999587163,0.0014469999587163,0.0014469999587163,0
KZ Cash USD,KZC-USD,2021-01-20,0.0014430000446736,0.0014550000196322,0.0012120000319555,0.0012440000427886,0.0012440000427886,2
KZ Cash USD,KZC-USD,2021-01-21,0.0012440000427886,0.0020439999643713,0.0010900000343099,0.001983999973163,0.001983999973163,0
KZ Cash USD,KZC-USD,2021-01-22,0.001981999957934,0.002117000054568,0.0019109999993816,0.0020850000437349,0.0020850000437349,0
KZ Cash USD,KZC-USD,2021-01-23,0.0020860000513494,0.0020870000589638,0.0003539999888744,0.0003750000032596,0.0003750000032596,1
KZ Cash USD,KZC-USD,2021-01-24,0.0003750000032596,0.0015429999912157,0.0003579999902285,0.0011309999972581,0.0011309999972581,0
KZ Cash USD,KZC-USD,2021-01-25,0.0011299999896436,0.0012179999612271,0.0011230000527575,0.0011320000048726,0.0011320000048726,1
KZ Cash USD,KZC-USD,2021-01-26,0.0011330000124871,0.0011419999646022,0.0007379999733529,0.000862999993842,0.000862999993842,1
KZ Cash USD,KZC-USD,2021-01-27,0.0008619999862276,0.0042170002125203,0.000850000011269,0.0042099999263882,0.0042099999263882,5
KZ Cash USD,KZC-USD,2021-01-28,0.0042099999263882,0.0042159999720752,0.0007970000151544,0.0008539999835193,0.0008539999835193,2
KZ Cash USD,KZC-USD,2021-01-29,0.0008599999709986,0.0013439999893307,0.0008360000210814,0.0012009999481961,0.0012009999481961,1
KZ Cash USD,KZC-USD,2021-01-30,0.0012009999481961,0.0012189999688416,0.0011530000483617,0.0011990000493824,0.0011990000493824,0
KZ Cash USD,KZC-USD,2021-01-31,0.0011990000493824,0.0020540000405162,0.0010770000517368,0.0010930000571534,0.0010930000571534,2
KZ Cash USD,KZC-USD,2021-02-01,0.0010930000571534,0.0011490000179037,0.0010689999908208,0.0011390000581741,0.0011390000581741,2
KZ Cash USD,KZC-USD,2021-02-02,0.0011399999493733,0.0012199999764561,0.0011390000581741,0.001206999993883,0.001206999993883,0
KZ Cash USD,KZC-USD,2021-02-03,0.0012080000014975,0.0012989999959245,0.001204999978654,0.0012720000231638,0.0012720000231638,11
KZ Cash USD,KZC-USD,2021-02-04,0.0012730000307783,0.0013119999784976,0.0012349999742582,0.0012560000177472,0.0012560000177472,1
KZ Cash USD,KZC-USD,2021-02-05,0.0012550000101327,0.001300000003539,0.0012460000580176,0.001293999957852,0.001293999957852,0
KZ Cash USD,KZC-USD,2021-02-06,0.001295999973081,0.0022239999379962,0.001295999973081,0.0013340000296011,0.0013340000296011,0
KZ Cash USD,KZC-USD,2021-02-07,0.0013350000372156,0.0013470000121742,0.0012730000307783,0.0013229999458417,0.0013229999458417,1
KZ Cash USD,KZC-USD,2021-02-08,0.0013229999458417,0.0034650000743567,0.0007290000212378,0.0009840000420808,0.0009840000420808,2
KZ Cash USD,KZC-USD,2021-02-09,0.0009850000496953,0.0016100000357255,0.0009779999963939,0.0015800000401213,0.0015800000401213,3
KZ Cash USD,KZC-USD,2021-02-10,0.0015800000401213,0.0023189999628812,0.001492999959737,0.0015279999934136,0.0015279999934136,1
KZ Cash USD,KZC-USD,2021-02-11,0.0015269999857991,0.0016479999758303,0.0015020000282675,0.001628000056371,0.001628000056371,2
KZ Cash USD,KZC-USD,2021-02-12,0.0016289999475702,0.0023910000454634,0.0015780000248923,0.0016159999649971,0.0016159999649971,1
KZ Cash USD,KZC-USD,2021-02-13,0.0016149999573826,0.0016329999780282,0.0015770000172778,0.0016019999748095,0.0016019999748095,2
KZ Cash USD,KZC-USD,2021-02-14,0.0016019999748095,0.0024180000182241,0.0016019999748095,0.0016570000443607,0.0016570000443607,0
KZ Cash USD,KZC-USD,2021-02-15,0.0016560000367462,0.0016619999660179,0.0015760000096634,0.0016309999627992,0.0016309999627992,1
KZ Cash USD,KZC-USD,2021-02-16,0.0016299999551847,0.0042190002277493,0.001604999997653,0.0025430000387132,0.0025430000387132,20
KZ Cash USD,KZC-USD,2021-02-17,0.0025410000234842,0.0028639999218285,0.001713000005111,0.0028599998913705,0.0028599998913705,1
KZ Cash USD,KZC-USD,2021-02-18,0.0028599998913705,0.0028679999522864,0.0006820000126026,0.000845999980811,0.000845999980811,1
KZ Cash USD,KZC-USD,2021-02-19,0.0008449999731965,0.0019079999765381,0.000811000005342,0.0019010000396519,0.0019010000396519,4
KZ Cash USD,KZC-USD,2021-02-20,0.0019000000320374,0.0019549999851733,0.0013429999817162,0.0014759999467059,0.0014759999467059,1
KZ Cash USD,KZC-USD,2021-02-21,0.0014759999467059,0.0026149998884648,0.0014649999793618,0.0019570000004023,0.0019570000004023,1
KZ Cash USD,KZC-USD,2021-02-22,0.0019559999927878,0.0019559999927878,0.0016649999888613,0.0018439999548718,0.0018439999548718,2
KZ Cash USD,KZC-USD,2021-02-23,0.0018429999472573,0.0021240001078695,0.0016129999421536,0.0016649999888613,0.0016649999888613,3
KZ Cash USD,KZC-USD,2021-02-24,0.0016700000269338,0.0026980000548064,0.0016159999649971,0.0016880000475794,0.0016880000475794,1
KZ Cash USD,KZC-USD,2021-02-25,0.001689999946393,0.0027010000776499,0.0016019999748095,0.00161100004334,0.00161100004334,1
KZ Cash USD,KZC-USD,2021-02-26,0.001602999982424,0.0019509999547153,0.0015109999803826,0.0018939999863505,0.0018939999863505,21
KZ Cash USD,KZC-USD,2021-02-27,0.001894999993965,0.0019199999514967,0.0015389999607577,0.0015729999868199,0.0015729999868199,2
KZ Cash USD,KZC-USD,2021-02-28,0.0015709999715909,0.001587999984622,0.0014680000022053,0.0014680000022053,0.0014680000022053,4
KZ Cash USD,KZC-USD,2021-03-01,0.0014690000098198,0.0016929999692365,0.0014690000098198,0.0016870000399649,0.0016870000399649,3
KZ Cash USD,KZC-USD,2021-03-02,0.0016880000475794,0.0031169999856501,0.0016580000519752,0.0030950000509619,0.0030950000509619,86
KZ Cash USD,KZC-USD,2021-03-03,0.0030950000509619,0.0036009999457746,0.0028450000099837,0.0033730000723153,0.0033730000723153,56
KZ Cash USD,KZC-USD,2021-03-04,0.0033730000723153,0.0034020000603049,0.0027159999590367,0.0031590000726282,0.0031590000726282,30
KZ Cash USD,KZC-USD,2021-03-05,0.0031590000726282,0.0032069999724626,0.0016580000519752,0.0016639999812468,0.0016639999812468,1
KZ Cash USD,KZC-USD,2021-03-06,0.0016639999812468,0.003169999923557,0.0016609999584034,0.0027300000656396,0.0027300000656396,17
KZ Cash USD,KZC-USD,2021-03-07,0.0027300000656396,0.0045659998431801,0.0016410000389441,0.0043790000490844,0.0043790000490844,268
KZ Cash USD,KZC-USD,2021-03-08,0.0043770000338554,0.0054549998603761,0.002464999910444,0.0041029998101294,0.0041029998101294,104
KZ Cash USD,KZC-USD,2021-03-09,0.0041009997949004,0.0055809998884797,0.0036649999674409,0.0042349998839199,0.0042349998839199,30
KZ Cash USD,KZC-USD,2021-03-10,0.0042349998839199,0.0049000000581145,0.0035170000046491,0.0046489997766911,0.0046489997766911,16
KZ Cash USD,KZC-USD,2021-03-11,0.0046489997766911,0.0053309998475015,0.0038890000432729,0.0038950000889599,0.0038950000889599,70
KZ Cash USD,KZC-USD,2021-03-12,0.0038950000889599,0.0048710000701248,0.0027650000993162,0.0048690000548958,0.0048690000548958,12
KZ Cash USD,KZC-USD,2021-03-13,0.0048699998296797,0.0048699998296797,0.0019270000047981,0.0033799998927861,0.0033799998927861,34
KZ Cash USD,KZC-USD,2021-03-14,0.0033799998927861,0.0054999999701976,0.0031300000846385,0.0050719999708235,0.0050719999708235,13
KZ Cash USD,KZC-USD,2021-03-15,0.0050710001960396,0.0052829999476671,0.0030489999335259,0.0031600000802427,0.0031600000802427,13
KZ Cash USD,KZC-USD,2021-03-16,0.0031600000802427,0.0056460001505911,0.0023620000574737,0.0056449999101459,0.0056449999101459,104
KZ Cash USD,KZC-USD,2021-03-17,0.0056460001505911,0.0057939998805522,0.0027860000263899,0.0053440001793205,0.0053440001793205,261
KZ Cash USD,KZC-USD,2021-03-18,0.0053460001945495,0.0056730001233518,0.0024419999681413,0.0024540000595152,0.0024540000595152,18
KZ Cash USD,KZC-USD,2021-03-19,0.0024540000595152,0.0060899998061358,0.0024039999116212,0.0030650000553578,0.0030650000553578,16
KZ Cash USD,KZC-USD,2021-03-20,0.0030650000553578,0.0041189999319612,0.0026249999646097,0.0026249999646097,0.0026249999646097,13
KZ Cash USD,KZC-USD,2021-03-21,0.0026239999569952,0.0059839999303221,0.0025289999321103,0.0030720001086592,0.0030720001086592,19
KZ Cash USD,KZC-USD,2021-03-22,0.0030720001086592,0.0030749998986721,0.0027970001101493,0.0028909998945891,0.0028909998945891,2
KZ Cash USD,KZC-USD,2021-03-23,0.0028899998869746,0.0037710000760853,0.0028599998913705,0.002911000046879,0.002911000046879,11
KZ Cash USD,KZC-USD,2021-03-24,0.0029100000392645,0.0031169999856501,0.0028419999871402,0.0028550000861287,0.0028550000861287,16
KZ Cash USD,KZC-USD,2021-03-25,0.0028550000861287,0.0028750000055879,0.0018820000113919,0.0019650000613182,0.0019650000613182,34
KZ Cash USD,KZC-USD,2021-03-26,0.0019650000613182,0.0024389999452978,0.0019600000232458,0.0024389999452978,0.0024389999452978,14
KZ Cash USD,KZC-USD,2021-03-27,0.0024399999529123,0.0057140002027153,0.0023330000694841,0.0025309999473392,0.0025309999473392,20
KZ Cash USD,KZC-USD,2021-03-28,0.0025299999397248,0.0057999999262392,0.002204000018537,0.0022380000445991,0.0022380000445991,2
KZ Cash USD,KZC-USD,2021-03-29,0.0022380000445991,0.0029859999194741,0.002206000033766,0.0029829998966306,0.0029829998966306,19
KZ Cash USD,KZC-USD,2021-03-30,0.0029829998966306,0.0057999999262392,0.0028979999478906,0.0029670000076293,0.0029670000076293,45
KZ Cash USD,KZC-USD,2021-03-31,0.0029670000076293,0.0032770000398159,0.00290900003165,0.0030090000946074,0.0030090000946074,21
KZ Cash USD,KZC-USD,2021-04-01,0.0030090000946074,0.0030410001054406,0.0029430000577121,0.00299399998039,0.00299399998039,22
KZ Cash USD,KZC-USD,2021-04-02,0.00299399998039,0.003080999944359,0.0029599999543279,0.0029690000228583,0.0029690000228583,5
KZ Cash USD,KZC-USD,2021-04-03,0.0029700000304728,0.005828000139445,0.0023600000422447,0.0023600000422447,0.0023600000422447,15
KZ Cash USD,KZC-USD,2021-04-04,0.0023600000422447,0.0043970001861453,0.0023429999127984,0.0026819999329745,0.0026819999329745,12
KZ Cash USD,KZC-USD,2021-04-05,0.0026819999329745,0.0028379999566823,0.0026169999036937,0.0027230000123381,0.0027230000123381,25
KZ Cash USD,KZC-USD,2021-04-06,0.0027280000504106,0.0031610000878572,0.0026050000451505,0.0026199999265372,0.0026199999265372,6
KZ Cash USD,KZC-USD,2021-04-07,0.0026179999113082,0.0033330000005662,0.0025160000659525,0.0025279999244958,0.0025279999244958,8
KZ Cash USD,KZC-USD,2021-04-08,0.0025220001116394,0.0026449998840689,0.002515000058338,0.0026440001092851,0.0026440001092851,9
KZ Cash USD,KZC-USD,2021-04-09,0.0026440001092851,0.002691000001505,0.0026110000908374,0.0026209999341517,0.0026209999341517,2
KZ Cash USD,KZC-USD,2021-04-10,0.0026209999341517,0.0044590001925826,0.0026120000984519,0.0027930000796914,0.0027930000796914,15
KZ Cash USD,KZC-USD,2021-04-11,0.0027930000796914,0.0063000000081956,0.0026769998949021,0.0027089999057352,0.0027089999057352,14
KZ Cash USD,KZC-USD,2021-04-12,0.0027089999057352,0.0027560000307857,0.0023960000835359,0.0023970000911504,0.0023970000911504,3
KZ Cash USD,KZC-USD,2021-04-13,0.0023960000835359,0.002905000001192,0.0023950000759214,0.0029039999935775,0.0029039999935775,14
KZ Cash USD,KZC-USD,2021-04-14,0.0028999999631196,0.002919000107795,0.002381999976933,0.0023970000911504,0.0023970000911504,7
KZ Cash USD,KZC-USD,2021-04-15,0.0023980000987648,0.0024459999985992,0.0023650000803172,0.0024250000715255,0.0024250000715255,10
KZ Cash USD,KZC-USD,2021-04-16,0.00242600007914,0.0042650001123547,0.0022919999901205,0.0023429999127984,0.0023429999127984,2
KZ Cash USD,KZC-USD,2021-04-17,0.0023399998899549,0.0050630001351237,0.002068999921903,0.002068999921903,0.002068999921903,3
KZ Cash USD,KZC-USD,2021-04-18,0.0020679999142885,0.0025510000996291,0.00179999996908,0.0019670000765472,0.0019670000765472,10
KZ Cash USD,KZC-USD,2021-04-19,0.0019680000841617,0.0028760000132024,0.0019460000330582,0.0019519999623298,0.0019519999623298,11
KZ Cash USD,KZC-USD,2021-04-20,0.0019499999471008,0.0046140002086758,0.0018710000440478,0.0019749999046325,0.0019749999046325,1
KZ Cash USD,KZC-USD,2021-04-21,0.0019769999198615,0.0019869999960064,0.0018789999885484,0.0018860000418499,0.0018860000418499,2
KZ Cash USD,KZC-USD,2021-04-22,0.0018870000494644,0.0019389999797567,0.0017699999734759,0.0018139999592676,0.0018139999592676,4
KZ Cash USD,KZC-USD,2021-04-23,0.0018119999440386,0.0046839998103678,0.0016740000573918,0.0017879999941214,0.0017879999941214,1
KZ Cash USD,KZC-USD,2021-04-24,0.0017879999941214,0.0018870000494644,0.0017079999670386,0.0018520000157877,0.0018520000157877,2
KZ Cash USD,KZC-USD,2021-04-25,0.0018520000157877,0.0022980000358074,0.0017969999462366,0.0018129999516531,0.0018129999516531,2
KZ Cash USD,KZC-USD,2021-04-26,0.0018129999516531,0.0020089999306946,0.001808000029996,0.0019980000797659,0.0019980000797659,2
KZ Cash USD,KZC-USD,2021-04-27,0.0019990000873804,0.0038040000945329,0.0019729998894035,0.0037390000652521,0.0037390000652521,119
KZ Cash USD,KZC-USD,2021-04-28,0.0037420000880956,0.0038230000063776,0.0026090000756084,0.0026310000102967,0.0026310000102967,6
KZ Cash USD,KZC-USD,2021-04-29,0.0026310000102967,0.0035409999545663,0.0025160000659525,0.0035359999164938,0.0035359999164938,4
KZ Cash USD,KZC-USD,2021-04-30,0.0035349999088793,0.0037829999346286,0.0027769999578595,0.0028309999033808,0.0028309999033808,5
KZ Cash USD,KZC-USD,2021-05-01,0.0028299998957663,0.0028639999218285,0.0027960001025348,0.0028329999186098,0.0028329999186098,5
KZ Cash USD,KZC-USD,2021-05-02,0.0028339999262243,0.0036579999141395,0.0026950000319629,0.0036239998880773,0.0036239998880773,22
KZ Cash USD,KZC-USD,2021-05-03,0.0036239998880773,0.0037239999510347,0.0026599999982863,0.0028580001089721,0.0028580001089721,10
KZ Cash USD,KZC-USD,2021-05-04,0.0028599998913705,0.002860999898985,0.0024999999441206,0.0025039999745786,0.0025039999745786,7
KZ Cash USD,KZC-USD,2021-05-05,0.002506999997422,0.0032379999756813,0.0024900001008063,0.0027010000776499,0.0027010000776499,1
KZ Cash USD,KZC-USD,2021-05-06,0.0027000000700354,0.0031139999628067,0.0025849998928606,0.0025929999537765,0.0025929999537765,3
KZ Cash USD,KZC-USD,2021-05-07,0.002593999961391,0.0026960000395774,0.0025450000539422,0.0026380000635981,0.0026380000635981,4
KZ Cash USD,KZC-USD,2021-05-08,0.0026380000635981,0.002735000103712,0.0026209999341517,0.0026449998840689,0.0026449998840689,3
KZ Cash USD,KZC-USD,2021-05-09,0.0026459998916834,0.002858999883756,0.0024910001084208,0.0025029999669641,0.0025029999669641,5
KZ Cash USD,KZC-USD,2021-05-10,0.0025039999745786,0.0025589999277144,0.0023250000085681,0.0023990001063793,0.0023990001063793,0
KZ Cash USD,KZC-USD,2021-05-11,0.0024009998887777,0.0024459999985992,0.0023469999432563,0.002381999976933,0.002381999976933,5
KZ Cash USD,KZC-USD,2021-05-12,0.002381999976933,0.0024329998996108,0.0020959998946636,0.0020959998946636,0.0020959998946636,6
KZ Cash USD,KZC-USD,2021-05-13,0.0020639998838305,0.002155999885872,0.0019729998894035,0.0020890000741928,0.0020890000741928,4
KZ Cash USD,KZC-USD,2021-05-14,0.0020880000665783,0.0021599999163299,0.0017350000562146,0.0017460000235587,0.0017460000235587,1
KZ Cash USD,KZC-USD,2021-05-15,0.0017460000235587,0.0017719999887049,0.0016329999780282,0.0016380000161007,0.0016380000161007,1
KZ Cash USD,KZC-USD,2021-05-16,0.0016370000084862,0.0017419999931007,0.0015399999683722,0.001628000056371,0.001628000056371,1
KZ Cash USD,KZC-USD,2021-05-17,0.0016270000487565,0.0016329999780282,0.0014809999847784,0.001520000048913,0.001520000048913,3
KZ Cash USD,KZC-USD,2021-05-18,0.0015259999781847,0.0016449999529868,0.001516000018455,0.0015480000292882,0.0015480000292882,1
KZ Cash USD,KZC-USD,2021-05-19,0.0015450000064447,0.0015679999487474,0.000958000018727,0.0013379999436438,0.0013379999436438,1
KZ Cash USD,KZC-USD,2021-05-20,0.0013320000143721,0.0020379999186843,0.0012619999470189,0.0014629999641329,0.0014629999641329,3
KZ Cash USD,KZC-USD,2021-05-21,0.0014680000022053,0.001518000033684,0.0012100000167265,0.0013429999817162,0.0013429999817162,1
KZ Cash USD,KZC-USD,2021-05-22,0.0013429999817162,0.0018639999907463,0.0012740000383928,0.0013500000350177,0.0013500000350177,4
KZ Cash USD,KZC-USD,2021-05-23,0.0013510000426322,0.0013780000153928,0.0010349999647587,0.0012540000025182,0.0012540000025182,1
KZ Cash USD,KZC-USD,2021-05-24,0.0012519999872893,0.0013940000208094,0.001209000009112,0.0013530000578612,0.0013530000578612,5
KZ Cash USD,KZC-USD,2021-05-25,0.0013549999566748,0.0033950000070035,0.0012900000438094,0.0013220000546425,0.0013220000546425,3
KZ Cash USD,KZC-USD,2021-05-26,0.0013249999610707,0.001412000041455,0.0012929999502375,0.0013370000524446,0.0013370000524446,1
KZ Cash USD,KZC-USD,2021-05-27,0.0013360000448301,0.0013729999773204,0.0012659999774768,0.0013070000568404,0.0013070000568404,1
KZ Cash USD,KZC-USD,2021-05-28,0.0013070000568404,0.001321000047028,0.0011480000102892,0.0011769999982789,0.0011769999982789,12
KZ Cash USD,KZC-USD,2021-05-29,0.0011780000058934,0.0012290000449866,0.0011119999689981,0.0011409999569877,0.0011409999569877,0
KZ Cash USD,KZC-USD,2021-05-30,0.0011419999646022,0.0012489999644458,0.0011060000397264,0.001230000052601,0.001230000052601,0
KZ Cash USD,KZC-USD,2021-05-31,0.0012309999438002,0.0012359999818727,0.0011299999896436,0.0012309999438002,0.0012309999438002,3
KZ Cash USD,KZC-USD,2021-06-01,0.0012319999514147,0.0012509999796748,0.0011810000287368,0.0012100000167265,0.0012100000167265,1
KZ Cash USD,KZC-USD,2021-06-02,0.001211000024341,0.0012619999470189,0.0011869999580085,0.0012410000199452,0.0012410000199452,6
KZ Cash USD,KZC-USD,2021-06-03,0.0012400000123307,0.0013030000263825,0.0012290000449866,0.0012929999502375,0.0012929999502375,2
KZ Cash USD,KZC-USD,2021-06-04,0.001293999957852,0.0012949999654665,0.0011790000135079,0.0012179999612271,0.0012179999612271,2
KZ Cash USD,KZC-USD,2021-06-05,0.0012179999612271,0.0012600000482052,0.0011520000407472,0.0011729999678209,0.0011729999678209,1
KZ Cash USD,KZC-USD,2021-06-06,0.0011729999678209,0.001202999963425,0.0011299999896436,0.0011470000026747,0.0011470000026747,2
KZ Cash USD,KZC-USD,2021-06-07,0.0011480000102892,0.0011769999982789,0.0010720000136643,0.0010770000517368,0.0010770000517368,0
KZ Cash USD,KZC-USD,2021-06-08,0.0010750000365078,0.0020419999491423,0.0009960000170394,0.0010710000060498,0.0010710000060498,0
KZ Cash USD,KZC-USD,2021-06-09,0.0010710000060498,0.0012009999481961,0.0010389999952167,0.0011930000036954,0.0011930000036954,1
KZ Cash USD,KZC-USD,2021-06-10,0.0011950000189244,0.0014570000348612,0.0011589999776333,0.0011739999754354,0.0011739999754354,21
KZ Cash USD,KZC-USD,2021-06-11,0.0011739999754354,0.001202999963425,0.0011530000483617,0.0011930000036954,0.0011930000036954,1
KZ Cash USD,KZC-USD,2021-06-12,0.0011950000189244,0.0011970000341534,0.0011109999613836,0.0011360000353306,0.0011360000353306,6
KZ Cash USD,KZC-USD,2021-06-13,0.0011380000505596,0.0012580000329762,0.0009820000268518,0.0012509999796748,0.0012509999796748,1
KZ Cash USD,KZC-USD,2021-06-14,0.0012509999796748,0.0013109999708831,0.0012400000123307,0.0012799999676644,0.0012799999676644,1
KZ Cash USD,KZC-USD,2021-06-15,0.001291999942623,0.001321000047028,0.0012679999927058,0.001293999957852,0.001293999957852,1
KZ Cash USD,KZC-USD,2021-06-16,0.0012850000057369,0.0012969999806955,0.0011070000473409,0.0012270000297576,0.0012270000297576,1
KZ Cash USD,KZC-USD,2021-06-17,0.0012270000297576,0.0012639999622479,0.000901999999769,0.0009139999747276,0.0009139999747276,1
KZ Cash USD,KZC-USD,2021-06-18,0.0009139999747276,0.0015360000543296,0.000845999980811,0.0008950000046752,0.0008950000046752,0
KZ Cash USD,KZC-USD,2021-06-19,0.0008950000046752,0.0009110000100918,0.0008730000117793,0.0008900000248104,0.0008900000248104,10
KZ Cash USD,KZC-USD,2021-06-20,0.0008900000248104,0.0009009999921545,0.0008099999977275,0.0008570000063627,0.0008570000063627,0
KZ Cash USD,KZC-USD,2021-06-21,0.0008570000063627,0.0008570000063627,0.0007510000141337,0.000759000016842,0.000759000016842,3
KZ Cash USD,KZC-USD,2021-06-22,0.0007609999738633,0.0007989999721758,0.0006939999875612,0.0007149999728426,0.0007149999728426,2
KZ Cash USD,KZC-USD,2021-06-23,0.0007149999728426,0.0007650000043213,0.0006990000256337,0.0007430000114254,0.0007430000114254,1
KZ Cash USD,KZC-USD,2021-06-24,0.0007399999885819,0.0007750000222586,0.0007120000082068,0.0007629999890923,0.0007629999890923,0
KZ Cash USD,KZC-USD,2021-06-25,0.0007629999890923,0.0007810000097379,0.0006900000153109,0.0006960000027902,0.0006960000027902,0
KZ Cash USD,KZC-USD,2021-06-26,0.0006960000027902,0.0007179999956861,0.000663999991957,0.0007060000207275,0.0007060000207275,0
KZ Cash USD,KZC-USD,2021-06-27,0.0007079999777488,0.00161100004334,0.0007060000207275,0.0016080000204965,0.0016080000204965,1
KZ Cash USD,KZC-USD,2021-06-28,0.0016080000204965,0.0016189999878406,0.0007459999760612,0.0007580000092275,0.0007580000092275,0
KZ Cash USD,KZC-USD,2021-06-29,0.0007580000092275,0.0008040000102482,0.0005460000247694,0.0007910000276751,0.0007910000276751,1
KZ Cash USD,KZC-USD,2021-06-30,0.0007890000124461,0.000793999992311,0.0007500000065192,0.0007709999918006,0.0007709999918006,1
KZ Cash USD,KZC-USD,2021-07-01,0.0007709999918006,0.0010089999996125,0.0007229999755509,0.0007709999918006,0.0007709999918006,0
KZ Cash USD,KZC-USD,2021-07-02,0.0007719999994151,0.0007810000097379,0.0007539999787695,0.0007800000021234,0.0007800000021234,1
KZ Cash USD,KZC-USD,2021-07-03,0.0007800000021234,0.0008030000026337,0.0007680000271648,0.0007970000151544,0.0007970000151544,2
KZ Cash USD,KZC-USD,2021-07-04,0.0007970000151544,0.0010789999505504,0.0007910000276751,0.000811000005342,0.000811000005342,0
KZ Cash USD,KZC-USD,2021-07-05,0.0008120000129565,0.0008120000129565,0.0007639999967068,0.0007779999868944,0.0007779999868944,0
KZ Cash USD,KZC-USD,2021-07-06,0.0007759999716654,0.0008060000254772,0.0007730000070296,0.0007869999972172,0.0007869999972172,1
KZ Cash USD,KZC-USD,2021-07-07,0.0007869999972172,0.0008050000178627,0.0007779999868944,0.0007779999868944,0.0007779999868944,1
KZ Cash USD,KZC-USD,2021-07-08,0.0007789999945089,0.0008169999928213,0.0006380000268109,0.000722000026144,0.000722000026144,2
KZ Cash USD,KZC-USD,2021-07-09,0.0007229999755509,0.000752999971155,0.0007110000005923,0.0007489999989047,0.0007489999989047,4
KZ Cash USD,KZC-USD,2021-07-10,0.0007479999912902,0.0007650000043213,0.0007290000212378,0.0007370000239461,0.0007370000239461,1
KZ Cash USD,KZC-USD,2021-07-11,0.0007379999733529,0.0007609999738633,0.0007340000011026,0.000752999971155,0.000752999971155,1
KZ Cash USD,KZC-USD,2021-07-12,0.000752999971155,0.0009990000398829,0.0007190000033006,0.0007300000288523,0.0007300000288523,2
KZ Cash USD,KZC-USD,2021-07-13,0.0007300000288523,0.0007340000011026,0.0007099999929778,0.0007200000109151,0.0007200000109151,1
KZ Cash USD,KZC-USD,2021-07-14,0.0007200000109151,0.0007280000136233,0.0006970000104047,0.000722000026144,0.000722000026144,1
KZ Cash USD,KZC-USD,2021-07-15,0.000722000026144,0.0007300000288523,0.0006859999848529,0.0006980000180192,0.0006980000180192,1
KZ Cash USD,KZC-USD,2021-07-16,0.0006990000256337,0.0009340000106021,0.0006849999772384,0.0006919999723322,0.0006919999723322,2
KZ Cash USD,KZC-USD,2021-07-17,0.0006910000229254,0.000702999997884,0.0006869999924674,0.0006939999875612,0.0006939999875612,1
KZ Cash USD,KZC-USD,2021-07-18,0.0006939999875612,0.0007130000158213,0.0006619999767281,0.000668000022415,0.000668000022415,2
KZ Cash USD,KZC-USD,2021-07-19,0.000668000022415,0.0006699999794363,0.0006419999990612,0.0006479999865405,0.0006479999865405,1
KZ Cash USD,KZC-USD,2021-07-20,0.0006479999865405,0.0010629999451339,0.0006189999985508,0.0006280000088736,0.0006280000088736,1
KZ Cash USD,KZC-USD,2021-07-21,0.0006280000088736,0.0008679999737069,0.0006210000137798,0.0008670000243,0.0008670000243,2
KZ Cash USD,KZC-USD,2021-07-22,0.0008670000243,0.0009449999779462,0.0006750000175088,0.0006789999897591,0.0006789999897591,8
KZ Cash USD,KZC-USD,2021-07-23,0.0006789999897591,0.0007379999733529,0.0006730000022798,0.0007379999733529,0.0007379999733529,1
KZ Cash USD,KZC-USD,2021-07-24,0.0007389999809674,0.000759000016842,0.0007350000087171,0.0007539999787695,0.0007539999787695,2
KZ Cash USD,KZC-USD,2021-07-25,0.0007539999787695,0.0007789999945089,0.0007459999760612,0.0007789999945089,0.0007789999945089,2
KZ Cash USD,KZC-USD,2021-07-26,0.0007789999945089,0.0008909999742172,0.0007769999792799,0.0008219999726861,0.0008219999726861,1
KZ Cash USD,KZC-USD,2021-07-27,0.0008210000232793,0.0008670000243,0.0008019999950192,0.0008670000243,0.0008670000243,1
KZ Cash USD,KZC-USD,2021-07-28,0.0008670000243,0.0008980000275187,0.0008549999911338,0.0008839999791234,0.0008839999791234,1
KZ Cash USD,KZC-USD,2021-07-29,0.0008829999715089,0.0014449999434873,0.0008720000041648,0.0008929999894462,0.0008929999894462,3
KZ Cash USD,KZC-USD,2021-07-30,0.0008929999894462,0.0009270000155083,0.0008449999731965,0.0009270000155083,0.0009270000155083,1
KZ Cash USD,KZC-USD,2021-07-31,0.0009289999725297,0.0009289999725297,0.000904000014998,0.0009180000051856,0.0009180000051856,2
KZ Cash USD,KZC-USD,2021-08-01,0.0009159999899566,0.0011480000102892,0.0008699999889358,0.0008810000144876,0.0008810000144876,1
KZ Cash USD,KZC-USD,2021-08-02,0.0008789999992586,0.0011159999994561,0.0008520000264979,0.0011080000549554,0.0011080000549554,0
KZ Cash USD,KZC-USD,2021-08-03,0.0011070000473409,0.0013709999620914,0.001096999971196,0.0013350000372156,0.0013350000372156,0
KZ Cash USD,KZC-USD,2021-08-04,0.0013340000296011,0.0013399999588727,0.0010770000517368,0.0012659999774768,0.0012659999774768,0
KZ Cash USD,KZC-USD,2021-08-05,0.0012659999774768,0.0013070000568404,0.0008249999955296,0.0008989999769255,0.0008989999769255,0
KZ Cash USD,KZC-USD,2021-08-06,0.0008989999769255,0.00095199997304,0.0008789999992586,0.0009440000285394,0.0009440000285394,1
KZ Cash USD,KZC-USD,2021-08-07,0.0009420000133104,0.0009830000344663,0.0009379999828524,0.0009830000344663,0.0009830000344663,2
KZ Cash USD,KZC-USD,2021-08-08,0.0009800000116229,0.0013989999424666,0.0009619999909773,0.0010019999463111,0.0010019999463111,12
KZ Cash USD,KZC-USD,2021-08-09,0.0010019999463111,0.0010379999876022,0.0009459999855607,0.0009730000165291,0.0009730000165291,1
KZ Cash USD,KZC-USD,2021-08-10,0.0009740000241436,0.0012900000438094,0.0009510000236332,0.0009570000111125,0.0009570000111125,3
KZ Cash USD,KZC-USD,2021-08-11,0.0009570000111125,0.0009810000192373,0.00095199997304,0.0009590000263415,0.0009590000263415,0
KZ Cash USD,KZC-USD,2021-08-12,0.0009570000111125,0.0009710000013001,0.000921000028029,0.0009330000029876,0.0009330000029876,1
KZ Cash USD,KZC-USD,2021-08-13,0.0009330000029876,0.0010049999691545,0.0009299999801442,0.0010049999691545,0.0010049999691545,1
KZ Cash USD,KZC-USD,2021-08-14,0.0010049999691545,0.001010000007227,0.0009699999936856,0.0009879999561235,0.0009879999561235,3
KZ Cash USD,KZC-USD,2021-08-15,0.000988999963738,0.0009950000094249,0.0009570000111125,0.000988999963738,0.000988999963738,1
KZ Cash USD,KZC-USD,2021-08-16,0.0009879999561235,0.001010000007227,0.0009599999757483,0.0009679999784566,0.0009679999784566,2
KZ Cash USD,KZC-USD,2021-08-17,0.0009670000290498,0.0010720000136643,0.0009350000182166,0.0009440000285394,0.0009440000285394,1
KZ Cash USD,KZC-USD,2021-08-18,0.0009440000285394,0.0009599999757483,0.0008890000171959,0.0008980000275187,0.0008980000275187,2
KZ Cash USD,KZC-USD,2021-08-19,0.0008970000199042,0.0009480000007897,0.0008810000144876,0.0009420000133104,0.0009420000133104,2
KZ Cash USD,KZC-USD,2021-08-20,0.0009420000133104,0.000986999948509,0.0009350000182166,0.000986999948509,0.000986999948509,2
KZ Cash USD,KZC-USD,2021-08-21,0.000986999948509,0.0032870001159608,0.0009720000089146,0.0009879999561235,0.0009879999561235,18
KZ Cash USD,KZC-USD,2021-08-22,0.000986999948509,0.0010689999908208,0.0009640000062063,0.000986999948509,0.000986999948509,1
KZ Cash USD,KZC-USD,2021-08-23,0.0009860000573098,0.0010600000387057,0.0009830000344663,0.0010400000028312,0.0010400000028312,2
KZ Cash USD,KZC-USD,2021-08-24,0.0010400000028312,0.0030310000292956,0.0010039999615401,0.0010049999691545,0.0010049999691545,1
KZ Cash USD,KZC-USD,2021-08-25,0.0010039999615401,0.0010329999495297,0.0009940000018104,0.0010280000278726,0.0010280000278726,1
KZ Cash USD,KZC-USD,2021-08-26,0.0010280000278726,0.0010379999876022,0.0009759999811649,0.0009860000573098,0.0009860000573098,1
KZ Cash USD,KZC-USD,2021-08-27,0.0009860000573098,0.0010329999495297,0.0009740000241436,0.0010310000507161,0.0010310000507161,1
KZ Cash USD,KZC-USD,2021-08-28,0.0010319999419152,0.0010359999723732,0.0009740000241436,0.0009779999963939,0.0009779999963939,1
KZ Cash USD,KZC-USD,2021-08-29,0.0009779999963939,0.0009929999941959,0.000958000018727,0.0009759999811649,0.0009759999811649,2
KZ Cash USD,KZC-USD,2021-08-30,0.0009769999887794,0.0009830000344663,0.0009389999904669,0.0009399999980814,0.0009399999980814,0
KZ Cash USD,KZC-USD,2021-08-31,0.0009410000056959,0.0012720000231638,0.0008619999862276,0.0008689999813213,0.0008689999813213,15
KZ Cash USD,KZC-USD,2021-09-01,0.0008699999889358,0.0010359999723732,0.0008529999759048,0.0008800000068731,0.0008800000068731,1
KZ Cash USD,KZC-USD,2021-09-02,0.0008800000068731,0.0009059999720193,0.0008759999764151,0.0008880000095814,0.0008880000095814,1
KZ Cash USD,KZC-USD,2021-09-03,0.0008880000095814,0.0009180000051856,0.0008709999965503,0.0009009999921545,0.0009009999921545,0
KZ Cash USD,KZC-USD,2021-09-04,0.00089999998454,0.0009100000024773,0.0008599999709986,0.0008810000144876,0.0008810000144876,0
KZ Cash USD,KZC-USD,2021-09-05,0.0008810000144876,0.0009340000106021,0.0008490000036545,0.0009309999877586,0.0009309999877586,0
KZ Cash USD,KZC-USD,2021-09-06,0.0009319999953731,0.0013279999839141,0.0008909999742172,0.0009960000170394,0.0009960000170394,0
KZ Cash USD,KZC-USD,2021-09-07,0.0009960000170394,0.0010000000474974,0.0007810000097379,0.0008350000134669,0.0008350000134669,0
KZ Cash USD,KZC-USD,2021-09-08,0.0008350000134669,0.0032409999985247,0.000759000016842,0.0008360000210814,0.0008360000210814,1
KZ Cash USD,KZC-USD,2021-09-09,0.000791999977082,0.0008590000215917,0.0007699999841861,0.0008549999911338,0.0008549999911338,1
KZ Cash USD,KZC-USD,2021-09-10,0.0008549999911338,0.0032269998919218,0.0008299999753944,0.0029299999587237,0.0029299999587237,1
KZ Cash USD,KZC-USD,2021-09-11,0.0029289999511092,0.0031349998898804,0.0007779999868944,0.000813000020571,0.000813000020571,1
KZ Cash USD,KZC-USD,2021-09-12,0.0008140000281855,0.0013909999979659,0.0008060000254772,0.0013830000534653,0.0013830000534653,29
KZ Cash USD,KZC-USD,2021-09-13,0.0013820000458508,0.001386999967508,0.0008299999753944,0.0008539999835193,0.0008539999835193,1
KZ Cash USD,KZC-USD,2021-09-14,0.0008539999835193,0.0008970000199042,0.000850000011269,0.0008939999970607,0.0008939999970607,1
KZ Cash USD,KZC-USD,2021-09-15,0.0008950000046752,0.000921000028029,0.0008890000171959,0.0009149999823421,0.0009149999823421,1
KZ Cash USD,KZC-USD,2021-09-16,0.0009149999823421,0.000921000028029,0.0008399999933317,0.0009079999872483,0.0009079999872483,1
KZ Cash USD,KZC-USD,2021-09-17,0.0009079999872483,0.0009149999823421,0.0008900000248104,0.0008970000199042,0.0008970000199042,1
KZ Cash USD,KZC-USD,2021-09-18,0.0008980000275187,0.0009270000155083,0.0008950000046752,0.0009169999975711,0.0009169999975711,1
KZ Cash USD,KZC-USD,2021-09-19,0.0009169999975711,0.0009180000051856,0.0007619999814778,0.0007730000070296,0.0007730000070296,0
KZ Cash USD,KZC-USD,2021-09-20,0.0007730000070296,0.0008980000275187,0.0007709999918006,0.0008149999775923,0.0008149999775923,2
KZ Cash USD,KZC-USD,2021-09-21,0.0008140000281855,0.0008290000259876,0.0007559999939985,0.0007730000070296,0.0007730000070296,1
KZ Cash USD,KZC-USD,2021-09-22,0.0007730000070296,0.0008360000210814,0.0007719999994151,0.0008280000183731,0.0008280000183731,0
KZ Cash USD,KZC-USD,2021-09-23,0.0008280000183731,0.0008810000144876,0.0008190000080503,0.0008529999759048,0.0008529999759048,1
KZ Cash USD,KZC-USD,2021-09-24,0.0008529999759048,0.0008570000063627,0.0007670000195503,0.0007709999918006,0.0007709999918006,3
KZ Cash USD,KZC-USD,2021-09-25,0.0007709999918006,0.0011990000493824,0.0007520000217482,0.0008120000129565,0.0008120000129565,6
KZ Cash USD,KZC-USD,2021-09-26,0.0008120000129565,0.0008340000058524,0.0007759999716654,0.0008210000232793,0.0008210000232793,2
KZ Cash USD,KZC-USD,2021-09-27,0.0008210000232793,0.0008420000085607,0.0008019999950192,0.0008019999950192,0.0008019999950192,1
KZ Cash USD,KZC-USD,2021-09-28,0.0008019999950192,0.0008399999933317,0.0007779999868944,0.0007789999945089,0.0007789999945089,1
KZ Cash USD,KZC-USD,2021-09-29,0.0007800000021234,0.0008079999824985,0.0007759999716654,0.0007890000124461,0.0007890000124461,1
KZ Cash USD,KZC-USD,2021-09-30,0.0007900000200606,0.0008590000215917,0.0007869999972172,0.0008319999906234,0.0008319999906234,1
KZ Cash USD,KZC-USD,2021-10-01,0.0008319999906234,0.0009200000204145,0.0008229999803006,0.0009149999823421,0.0009149999823421,1
KZ Cash USD,KZC-USD,2021-10-02,0.0009139999747276,0.0009660000214353,0.0008570000063627,0.0008590000215917,0.0008590000215917,7
KZ Cash USD,KZC-USD,2021-10-03,0.0008590000215917,0.000904000014998,0.0008449999731965,0.0008490000036545,0.0008490000036545,0
KZ Cash USD,KZC-USD,2021-10-04,0.0008490000036545,0.0008900000248104,0.0008440000237897,0.0008839999791234,0.0008839999791234,2
KZ Cash USD,KZC-USD,2021-10-05,0.0008839999791234,0.0009379999828524,0.0008829999715089,0.0009270000155083,0.0009270000155083,1
KZ Cash USD,KZC-USD,2021-10-06,0.0009270000155083,0.0010000000474974,0.0009089999948628,0.0009970000246539,0.0009970000246539,2
KZ Cash USD,KZC-USD,2021-10-07,0.0009970000246539,0.0009970000246539,0.0009629999985918,0.0009679999784566,0.0009679999784566,3
KZ Cash USD,KZC-USD,2021-10-08,0.0009689999860711,0.0010069999843835,0.0009660000214353,0.0009710000013001,0.0009710000013001,1
KZ Cash USD,KZC-USD,2021-10-09,0.0009710000013001,0.0009970000246539,0.0009670000290498,0.000988999963738,0.000988999963738,3
KZ Cash USD,KZC-USD,2021-10-10,0.000988999963738,0.0010150000452995,0.0009769999887794,0.000986999948509,0.000986999948509,1
KZ Cash USD,KZC-USD,2021-10-11,0.0009860000573098,0.0010920000495389,0.0009810000192373,0.0010920000495389,0.0010920000495389,2
KZ Cash USD,KZC-USD,2021-10-12,0.0010920000495389,0.001094999955967,0.0009810000192373,0.0010089999996125,0.0010089999996125,18
KZ Cash USD,KZC-USD,2021-10-13,0.0010089999996125,0.0010379999876022,0.0009790000040084,0.0010329999495297,0.0010329999495297,2
KZ Cash USD,KZC-USD,2021-10-14,0.0010329999495297,0.0010930000571534,0.0010250000050291,0.0010319999419152,0.0010319999419152,1
KZ Cash USD,KZC-USD,2021-10-15,0.0010319999419152,0.0011299999896436,0.0010239999974146,0.0010479999473318,0.0010479999473318,2
KZ Cash USD,KZC-USD,2021-10-16,0.0010470000561326,0.0010880000190809,0.0010239999974146,0.0010349999647587,0.0010349999647587,1
KZ Cash USD,KZC-USD,2021-10-17,0.0010349999647587,0.0010479999473318,0.001005999976769,0.0010470000561326,0.0010470000561326,3
KZ Cash USD,KZC-USD,2021-10-18,0.0010460000485181,0.0010639999527484,0.0010199999669566,0.0010539999930188,0.0010539999930188,10
KZ Cash USD,KZC-USD,2021-10-19,0.0010539999930188,0.001094999955967,0.0010479999473318,0.0010920000495389,0.0010920000495389,1
KZ Cash USD,KZC-USD,2021-10-20,0.0010920000495389,0.0011380000505596,0.0010809999657794,0.001122000045143,0.001122000045143,8
KZ Cash USD,KZC-USD,2021-10-21,0.001122000045143,0.0011320000048726,0.0010560000082477,0.0010580000234767,0.0010580000234767,2
KZ Cash USD,KZC-USD,2021-10-22,0.0010580000234767,0.0010829999810084,0.0010219999821856,0.0010319999419152,0.0010319999419152,1
KZ Cash USD,KZC-USD,2021-10-23,0.0010319999419152,0.0010499999625608,0.0010169999441131,0.0010430000256747,0.0010430000256747,0
KZ Cash USD,KZC-USD,2021-10-24,0.0010440000332891,0.0010460000485181,0.001014000037685,0.0010359999723732,0.0010359999723732,2
KZ Cash USD,KZC-USD,2021-10-25,0.0010359999723732,0.0011149999918416,0.0010319999419152,0.0011139999842271,0.0011139999842271,4
KZ Cash USD,KZC-USD,2021-10-26,0.0011149999918416,0.001118000014685,0.0010199999669566,0.0010260000126436,0.0010260000126436,3
KZ Cash USD,KZC-USD,2021-10-27,0.0010260000126436,0.0010440000332891,0.0009899999713525,0.0009950000094249,0.0009950000094249,1
KZ Cash USD,KZC-USD,2021-10-28,0.0009940000018104,0.0011780000058934,0.0009899999713525,0.0010300000431016,0.0010300000431016,1
KZ Cash USD,KZC-USD,2021-10-29,0.0010310000507161,0.0010699999984353,0.0010260000126436,0.0010580000234767,0.0010580000234767,1
KZ Cash USD,KZC-USD,2021-10-30,0.0010580000234767,0.0010600000387057,0.0010359999723732,0.0010499999625608,0.0010499999625608,2
KZ Cash USD,KZC-USD,2021-10-31,0.0010519999777898,0.0011089999461546,0.0010209999745711,0.0011040000244975,0.0011040000244975,2
KZ Cash USD,KZC-USD,2021-11-01,0.0011040000244975,0.0011239999439567,0.0010750000365078,0.0010979999788105,0.0010979999788105,1
KZ Cash USD,KZC-USD,2021-11-02,0.0010979999788105,0.0011559999547898,0.0010920000495389,0.0011380000505596,0.0011380000505596,3
KZ Cash USD,KZC-USD,2021-11-03,0.0011380000505596,0.0011429999722167,0.001101000001654,0.0011330000124871,0.0011330000124871,3
KZ Cash USD,KZC-USD,2021-11-04,0.0011330000124871,0.0013099999632686,0.0010999999940395,0.0011070000473409,0.0011070000473409,6
KZ Cash USD,KZC-USD,2021-11-05,0.0011060000397264,0.0011259999591857,0.0010620000539347,0.0010999999940395,0.0010999999940395,1
KZ Cash USD,KZC-USD,2021-11-06,0.0010999999940395,0.0011089999461546,0.0010829999810084,0.0011080000549554,0.0011080000549554,3
KZ Cash USD,KZC-USD,2021-11-07,0.0011070000473409,0.0176730006933212,0.0011060000397264,0.0172739997506141,0.0172739997506141,0
KZ Cash USD,KZC-USD,2021-11-08,0.0172830000519752,0.0259649995714426,0.0013160000089555,0.0067380000837147,0.0067380000837147,227
KZ Cash USD,KZC-USD,2021-11-09,0.0067380000837147,0.0337419994175434,0.0027920000720769,0.0089020002633333,0.0089020002633333,133
KZ Cash USD,KZC-USD,2021-11-10,0.0089050000533461,0.0110419997945427,0.0032669999636709,0.0042190002277493,0.0042190002277493,7
KZ Cash USD,KZC-USD,2021-11-11,0.004224999807775,0.0293780006468296,0.0041720001026988,0.0049919998273253,0.0049919998273253,19
KZ Cash USD,KZC-USD,2021-11-12,0.0050010001286864,0.005040000192821,0.0048000002279877,0.004947000183165,0.004947000183165,4
KZ Cash USD,KZC-USD,2021-11-13,0.0049399998970329,0.0049990001134574,0.0048739998601377,0.0049649998545646,0.0049649998545646,4
KZ Cash USD,KZC-USD,2021-11-14,0.0049640000797808,0.0050429999828338,0.0049009998328983,0.0050409999676048,0.0050409999676048,4
KZ Cash USD,KZC-USD,2021-11-15,0.0050409999676048,0.0051040002144873,0.0048349997960031,0.0048380000516772,0.0048380000516772,14
KZ Cash USD,KZC-USD,2021-11-16,0.0048299999907612,0.004842999856919,0.0044849999248981,0.0045770001597702,0.0045770001597702,12
KZ Cash USD,KZC-USD,2021-11-17,0.0045719998888671,0.0046230000443756,0.0043000001460313,0.0043440000154078,0.0043440000154078,8
KZ Cash USD,KZC-USD,2021-11-18,0.0043460000306367,0.0043879998847842,0.0040719998069107,0.0040989997796714,0.0040989997796714,9
KZ Cash USD,KZC-USD,2021-11-19,0.0041000000201165,0.0042010000906884,0.0040110000409185,0.0041860002093017,0.0041860002093017,2
KZ Cash USD,KZC-USD,2021-11-20,0.0041849999688565,0.0154799995943903,0.004137999843806,0.0043000001460313,0.0043000001460313,2
KZ Cash USD,KZC-USD,2021-11-21,0.0042980001308023,0.0153689999133348,0.004220999777317,0.004222999792546,0.004222999792546,1
KZ Cash USD,KZC-USD,2021-11-22,0.0042289998382329,0.0042559998109936,0.0034010000526905,0.0035010001156479,0.0035010001156479,27
KZ Cash USD,KZC-USD,2021-11-23,0.0034970000851899,0.0035019998904317,0.0031709999311715,0.0032830000855028,0.0032830000855028,3
KZ Cash USD,KZC-USD,2021-11-24,0.0032810000702738,0.004050999879837,0.0031900000758469,0.0032079999800771,0.0032079999800771,3
KZ Cash USD,KZC-USD,2021-11-25,0.003260999917984,0.0033839999232441,0.003256999887526,0.0032699999865144,0.0032699999865144,5
KZ Cash USD,KZC-USD,2021-11-26,0.0033589999657124,0.0034610000438988,0.003080999944359,0.0033770001027733,0.0033770001027733,10
KZ Cash USD,KZC-USD,2021-11-27,0.0033750000875443,0.0034860000014305,0.0033750000875443,0.0034439999144524,0.0034439999144524,4
KZ Cash USD,KZC-USD,2021-11-28,0.0034529999829828,0.0035010001156479,0.0033480001147836,0.0034900000318884,0.0034900000318884,8
KZ Cash USD,KZC-USD,2021-11-29,0.0034920000471174,0.0035910001024603,0.0034640000667423,0.0035250000655651,0.0035250000655651,3
KZ Cash USD,KZC-USD,2021-11-30,0.0035280000884085,0.0036039999686181,0.0034129999112337,0.0034209999721497,0.0034209999721497,8
KZ Cash USD,KZC-USD,2021-12-01,0.0034139999188482,0.0035429999697953,0.003393999999389,0.0034340000711381,0.0034340000711381,3
KZ Cash USD,KZC-USD,2021-12-02,0.0034330000635236,0.0034409998916089,0.0031979999039322,0.0032210000790655,0.0032210000790655,7
KZ Cash USD,KZC-USD,2021-12-03,0.0032190000638365,0.0037219999358057,0.0018609999679028,0.0018769999733194,0.0018769999733194,0
KZ Cash USD,KZC-USD,2021-12-04,0.0018759999657049,0.0018870000494644,0.001501000020653,0.0017219999572262,0.0017219999572262,4
KZ Cash USD,KZC-USD,2021-12-05,0.0017219999572262,0.002915000077337,0.0016749999485909,0.0029039999935775,0.0029039999935775,0
KZ Cash USD,KZC-USD,2021-12-06,0.002905000001192,0.0031139999628067,0.0017969999462366,0.0019700000993907,0.0019700000993907,14
KZ Cash USD,KZC-USD,2021-12-07,0.0019729998894035,0.0020250000525265,0.0019570000004023,0.001977999927476,0.001977999927476,5
KZ Cash USD,KZC-USD,2021-12-08,0.0019769999198615,0.0020049999002367,0.0019020000472664,0.0019920000340789,0.0019920000340789,3
KZ Cash USD,KZC-USD,2021-12-09,0.0019910000264644,0.0020029998850077,0.0018139999592676,0.0018139999592676,0.0018139999592676,2
KZ Cash USD,KZC-USD,2021-12-10,0.0018119999440386,0.0019030000548809,0.0017900000093504,0.00179999996908,0.00179999996908,3
KZ Cash USD,KZC-USD,2021-12-11,0.0017979999538511,0.001977999927476,0.0017839999636635,0.0019769999198615,0.0019769999198615,3
KZ Cash USD,KZC-USD,2021-12-12,0.0019749999046325,0.0020639998838305,0.0019490000559017,0.0020540000405162,0.0020540000405162,3
KZ Cash USD,KZC-USD,2021-12-13,0.0020540000405162,0.0020580000709742,0.0018820000113919,0.0019150000298395,0.0019150000298395,2
KZ Cash USD,KZC-USD,2021-12-14,0.001916000037454,0.0029619999695569,0.0019030000548809,0.001912000006996,0.001912000006996,1
KZ Cash USD,KZC-USD,2021-12-15,0.0029599999543279,0.0029599999543279,0.001914000022225,0.0020059999078512,0.0020059999078512,1
KZ Cash USD,KZC-USD,2021-12-16,0.0020049999002367,0.0020459999796003,0.0019490000559017,0.0019519999623298,0.0019519999623298,1
KZ Cash USD,KZC-USD,2021-12-17,0.0019539999775588,0.0019680000841617,0.0018700000364333,0.0018980000168085,0.0018980000168085,1
KZ Cash USD,KZC-USD,2021-12-18,0.0018939999863505,0.0028679999522864,0.0018700000364333,0.0018739999504759,0.0018739999504759,1
KZ Cash USD,KZC-USD,2021-12-19,0.0018739999504759,0.0019239999819546,0.0018599999602884,0.0018660000059753,0.0018660000059753,1
KZ Cash USD,KZC-USD,2021-12-20,0.0018680000212043,0.0018960000015795,0.0015419999836012,0.0015480000292882,0.0015480000292882,1
KZ Cash USD,KZC-USD,2021-12-21,0.0015470000216737,0.0016270000487565,0.0015409999759867,0.0016139999497681,0.0016139999497681,1
KZ Cash USD,KZC-USD,2021-12-22,0.0016149999573826,0.0016349999932572,0.0015989999519661,0.0016039999900385,0.0016039999900385,1
KZ Cash USD,KZC-USD,2021-12-23,0.001604999997653,0.001693999976851,0.001585999969393,0.0016759999562054,0.0016759999562054,2
KZ Cash USD,KZC-USD,2021-12-24,0.0016759999562054,0.0017099999822676,0.0016670000040903,0.0016789999790489,0.0016789999790489,1
KZ Cash USD,KZC-USD,2021-12-25,0.0016769999638199,0.0016890000551939,0.0016580000519752,0.0016659999964758,0.0016659999964758,13
KZ Cash USD,KZC-USD,2021-12-26,0.0016639999812468,0.002593999961391,0.0016380000161007,0.0016759999562054,0.0016759999562054,2
KZ Cash USD,KZC-USD,2021-12-27,0.0016769999638199,0.0022340000141412,0.0016659999964758,0.0020560000557452,0.0020560000557452,4
KZ Cash USD,KZC-USD,2021-12-28,0.0020560000557452,0.0024009998887777,0.0015650000423192,0.0015729999868199,0.0015729999868199,2
KZ Cash USD,KZC-USD,2021-12-29,0.0015699999639764,0.001587999984622,0.0015249999705702,0.0015340000391006,0.0015340000391006,5
KZ Cash USD,KZC-USD,2021-12-30,0.0015330000314861,0.0015800000401213,0.001520000048913,0.0015569999814033,0.0015569999814033,4
KZ Cash USD,KZC-USD,2021-12-31,0.0015569999814033,0.0030070000793784,0.0013520000502467,0.0014669999945908,0.0014669999945908,5
KZ Cash USD,KZC-USD,2022-01-01,0.0014669999945908,0.0015470000216737,0.0010750000365078,0.0015259999781847,0.0015259999781847,6
KZ Cash USD,KZC-USD,2022-01-02,0.0015259999781847,0.0015320000238716,0.0010710000060498,0.0014680000022053,0.0014680000022053,1
KZ Cash USD,KZC-USD,2022-01-03,0.0014680000022053,0.0014730000402778,0.0011739999754354,0.0014400000218302,0.0014400000218302,1
KZ Cash USD,KZC-USD,2022-01-04,0.0014400000218302,0.0014700000174343,0.001295999973081,0.0014230000087991,0.0014230000087991,1
KZ Cash USD,KZC-USD,2022-01-05,0.0014230000087991,0.0015559999737888,0.0013269999762997,0.0013510000426322,0.0013510000426322,5
KZ Cash USD,KZC-USD,2022-01-06,0.0013510000426322,0.001628000056371,0.0013220000546425,0.0013379999436438,0.0013379999436438,1
KZ Cash USD,KZC-USD,2022-01-07,0.0013379999436438,0.0013379999436438,0.0012730000307783,0.0012880000285804,0.0012880000285804,1
KZ Cash USD,KZC-USD,2022-01-08,0.0012880000285804,0.0134659996256232,0.0012499999720603,0.0012519999872893,0.0012519999872893,30
KZ Cash USD,KZC-USD,2022-01-09,0.0012519999872893,0.0138659998774528,0.0012450000504031,0.0015510000521317,0.0015510000521317,10
KZ Cash USD,KZC-USD,2022-01-10,0.0015510000521317,0.0016319999704137,0.0014720000326633,0.0016309999627992,0.0016309999627992,1
KZ Cash USD,KZC-USD,2022-01-11,0.0016309999627992,0.0017140000127255,0.0015330000314861,0.0017089999746531,0.0017089999746531,1
KZ Cash USD,KZC-USD,2022-01-12,0.0017099999822676,0.0017650000518187,0.0015249999705702,0.0017579999985173,0.0017579999985173,1
KZ Cash USD,KZC-USD,2022-01-13,0.0017579999985173,0.0017709999810904,0.0013229999458417,0.0017460000235587,0.0017460000235587,1
KZ Cash USD,KZC-USD,2022-01-14,0.0017470000311732,0.0018210000125691,0.0013630000175908,0.001810000045225,0.001810000045225,2
KZ Cash USD,KZC-USD,2022-01-15,0.001810000045225,0.0018129999516531,0.0013399999588727,0.0016789999790489,0.0016789999790489,2
KZ Cash USD,KZC-USD,2022-01-16,0.0016789999790489,0.004664999898523,0.0015539999585598,0.004664999898523,0.004664999898523,3
KZ Cash USD,KZC-USD,2022-01-17,0.004664999898523,0.004664999898523,0.0017590000061318,0.0019010000396519,0.0019010000396519,3
KZ Cash USD,KZC-USD,2022-01-18,0.0019010000396519,0.0043440000154078,0.0018629999831318,0.0019490000559017,0.0019490000559017,1
KZ Cash USD,KZC-USD,2022-01-19,0.0019490000559017,0.0041999998502433,0.0019000000320374,0.0019199999514967,0.0019199999514967,0
KZ Cash USD,KZC-USD,2022-01-20,0.0019199999514967,0.0019359999569132,0.0019189999438822,0.0019280000124126,0.0019280000124126,0
KZ Cash USD,KZC-USD,2022-01-21,0.0019280000124126,0.0041649998165667,0.0016469999682158,0.0016769999638199,0.0016769999638199,2
KZ Cash USD,KZC-USD,2022-01-22,0.0016779999714344,0.004503000061959,0.0015129999956116,0.0015190000412985,0.0015190000412985,2
KZ Cash USD,KZC-USD,2022-01-23,0.0015190000412985,0.0017119999974966,0.0014880000380799,0.0017049999441951,0.0017049999441951,0
KZ Cash USD,KZC-USD,2022-01-24,0.0017049999441951,0.0017509999452158,0.0015600000042468,0.0017229999648407,0.0017229999648407,1
KZ Cash USD,KZC-USD,2022-01-25,0.0017229999648407,0.0017600000137463,0.0015379999531432,0.0017369999550282,0.0017369999550282,1
KZ Cash USD,KZC-USD,2022-01-26,0.0017369999550282,0.0018250000430271,0.0016420000465586,0.0017320000333711,0.0017320000333711,0
KZ Cash USD,KZC-USD,2022-01-27,0.0017320000333711,0.0017460000235587,0.0016749999485909,0.0017450000159442,0.0017450000159442,1
KZ Cash USD,KZC-USD,2022-01-28,0.0017450000159442,0.0017800000496208,0.0016720000421628,0.0017760000191628,0.0017760000191628,0
KZ Cash USD,KZC-USD,2022-01-29,0.0017760000191628,0.0018129999516531,0.0017480000387877,0.0017539999680593,0.0017539999680593,1
KZ Cash USD,KZC-USD,2022-01-30,0.0017549999756738,0.0018169999821111,0.0017219999572262,0.0017440000083297,0.0017440000083297,1
KZ Cash USD,KZC-USD,2022-01-31,0.0017440000083297,0.0019509999547153,0.001689999946393,0.0017699999734759,0.0017699999734759,1
KZ Cash USD,KZC-USD,2022-02-01,0.0017699999734759,0.0017989999614655,0.0017529999604448,0.0017819999484345,0.0017819999484345,3
KZ Cash USD,KZC-USD,2022-02-02,0.0017819999484345,0.0019769999198615,0.0017109999898821,0.0017369999550282,0.0017369999550282,1
KZ Cash USD,KZC-USD,2022-02-03,0.0017359999474138,0.0019869999960064,0.0017099999822676,0.0017460000235587,0.0017460000235587,1
KZ Cash USD,KZC-USD,2022-02-04,0.0017460000235587,0.0017579999985173,0.0015279999934136,0.0017020000377669,0.0017020000377669,21
KZ Cash USD,KZC-USD,2022-02-05,0.0017020000377669,0.002119000069797,0.0016830000095069,0.0016990000149235,0.0016990000149235,0
KZ Cash USD,KZC-USD,2022-02-06,0.0016990000149235,0.0022479998879134,0.0016909999540075,0.0022390000522136,0.0022390000522136,0
KZ Cash USD,KZC-USD,2022-02-07,0.0022390000522136,0.0022390000522136,0.0017119999974966,0.0017969999462366,0.0017969999462366,1
KZ Cash USD,KZC-USD,2022-02-08,0.0017979999538511,0.0028319999109953,0.0017549999756738,0.0018090000376105,0.0018090000376105,1
KZ Cash USD,KZC-USD,2022-02-09,0.001808000029996,0.0018339999951422,0.0017729999963194,0.0018179999897256,0.0018179999897256,1
KZ Cash USD,KZC-USD,2022-02-10,0.0018179999897256,0.0023749999236315,0.0017800000496208,0.0017859999788925,0.0017859999788925,1
KZ Cash USD,KZC-USD,2022-02-11,0.0017859999788925,0.0022619999945163,0.0017269999952986,0.0017389999702572,0.0017389999702572,1
KZ Cash USD,KZC-USD,2022-02-12,0.0017389999702572,0.0017630000365898,0.0017160000279545,0.0017320000333711,0.0017320000333711,1
KZ Cash USD,KZC-USD,2022-02-13,0.0017320000333711,0.0017500000540167,0.0017199999419972,0.0017300000181421,0.0017300000181421,14
KZ Cash USD,KZC-USD,2022-02-14,0.0017280000029131,0.0017539999680593,0.0017089999746531,0.0017460000235587,0.0017460000235587,2
KZ Cash USD,KZC-USD,2022-02-15,0.0017460000235587,0.0018309999722987,0.0017419999931007,0.0018279999494552,0.0018279999494552,2
KZ Cash USD,KZC-USD,2022-02-16,0.0018279999494552,0.0018279999494552,0.0017819999484345,0.001801999984309,0.001801999984309,4
KZ Cash USD,KZC-USD,2022-02-17,0.0018009999766945,0.0018090000376105,0.0016499999910593,0.0016619999660179,0.0016619999660179,2
KZ Cash USD,KZC-USD,2022-02-18,0.0016629999736323,0.0016779999714344,0.0016250000335276,0.0016410000389441,0.0016410000389441,4
KZ Cash USD,KZC-USD,2022-02-19,0.0016410000389441,0.0023280000314116,0.0016390000237151,0.001888999948278,0.001888999948278,2
KZ Cash USD,KZC-USD,2022-02-20,0.001888999948278,0.001892999978736,0.001600999967195,0.0016139999497681,0.0016139999497681,3
KZ Cash USD,KZC-USD,2022-02-21,0.0016139999497681,0.0022690000478178,0.0015689999563619,0.0017719999887049,0.0017719999887049,2
KZ Cash USD,KZC-USD,2022-02-22,0.0017719999887049,0.001808000029996,0.0015800000401213,0.0016080000204965,0.0016080000204965,1
KZ Cash USD,KZC-USD,2022-02-23,0.0016080000204965,0.0019249999895691,0.0015620000194758,0.0015660000499337,0.0015660000499337,1
KZ Cash USD,KZC-USD,2022-02-24,0.0015660000499337,0.0015979999443516,0.0014469999587163,0.0015719999792054,0.0015719999792054,3
KZ Cash USD,KZC-USD,2022-02-25,0.0015719999792054,0.0018629999831318,0.0015670000575482,0.0016080000204965,0.0016080000204965,5
KZ Cash USD,KZC-USD,2022-02-26,0.0016080000204965,0.0016400000313296,0.0015869999770075,0.001602999982424,0.001602999982424,1
KZ Cash USD,KZC-USD,2022-02-27,0.001602999982424,0.0017030000453814,0.0015679999487474,0.0015899999998509,0.0015899999998509,3
KZ Cash USD,KZC-USD,2022-02-28,0.0015899999998509,0.0017940000398084,0.0015409999759867,0.0017709999810904,0.0017709999810904,3
KZ Cash USD,KZC-USD,2022-03-01,0.0017709999810904,0.0020129999611526,0.0017610000213608,0.0018189999973401,0.0018189999973401,0
KZ Cash USD,KZC-USD,2022-03-02,0.0018189999973401,0.0020099999383091,0.0017810000572353,0.0018009999766945,0.0018009999766945,1
KZ Cash USD,KZC-USD,2022-03-03,0.0018009999766945,0.0018050000071525,0.001719000050798,0.0017409999854862,0.0017409999854862,3
KZ Cash USD,KZC-USD,2022-03-04,0.0017409999854862,0.0019359999569132,0.0015910000074654,0.001604999997653,0.001604999997653,1
KZ Cash USD,KZC-USD,2022-03-05,0.001604999997653,0.0016220000106841,0.0015899999998509,0.0016149999573826,0.0016149999573826,2
KZ Cash USD,KZC-USD,2022-03-06,0.0016159999649971,0.0016250000335276,0.0015670000575482,0.0015750000020489,0.0015750000020489,1
KZ Cash USD,KZC-USD,2022-03-07,0.0015760000096634,0.0016169999726116,0.0015279999934136,0.0015610000118613,0.0015610000118613,1
KZ Cash USD,KZC-USD,2022-03-08,0.0015600000042468,0.00161100004334,0.0015559999737888,0.001587999984622,0.001587999984622,4
KZ Cash USD,KZC-USD,2022-03-09,0.001587999984622,0.0019239999819546,0.0015869999770075,0.0017209999496117,0.0017209999496117,1
KZ Cash USD,KZC-USD,2022-03-10,0.0017209999496117,0.0017219999572262,0.0015920000150799,0.0016169999726116,0.0016169999726116,4
KZ Cash USD,KZC-USD,2022-03-11,0.0016169999726116,0.0016430000541731,0.0015719999792054,0.0015910000074654,0.0015910000074654,2
KZ Cash USD,KZC-USD,2022-03-12,0.0015910000074654,0.0016120000509545,0.0015899999998509,0.0015950000379234,0.0015950000379234,1
KZ Cash USD,KZC-USD,2022-03-13,0.0015940000303089,0.0016080000204965,0.0015470000216737,0.0015519999433308,0.0015519999433308,3
KZ Cash USD,KZC-USD,2022-03-14,0.0015519999433308,0.0016289999475702,0.0015450000064447,0.0016260000411421,0.0016260000411421,1
KZ Cash USD,KZC-USD,2022-03-15,0.0016260000411421,0.0016319999704137,0.0015709999715909,0.0016129999421536,0.0016129999421536,2
KZ Cash USD,KZC-USD,2022-03-16,0.0016129999421536,0.001700000022538,0.0015999999595806,0.0016870000399649,0.0016870000399649,3
KZ Cash USD,KZC-USD,2022-03-17,0.0016870000399649,0.0019109999993816,0.0016670000040903,0.0016789999790489,0.0016789999790489,1
KZ Cash USD,KZC-USD,2022-03-18,0.0016789999790489,0.0017300000181421,0.0016520000062882,0.0017140000127255,0.0017140000127255,2
KZ Cash USD,KZC-USD,2022-03-19,0.0017140000127255,0.0017350000562146,0.0017059999518096,0.0017300000181421,0.0017300000181421,1
KZ Cash USD,KZC-USD,2022-03-20,0.0017300000181421,0.0017320000333711,0.0016809999942779,0.0016909999540075,0.0016909999540075,1
KZ Cash USD,KZC-USD,2022-03-21,0.0016909999540075,0.001700000022538,0.0016670000040903,0.0016840000171214,0.0016840000171214,3
KZ Cash USD,KZC-USD,2022-03-22,0.0016840000171214,0.0017679999582469,0.0016789999790489,0.0017369999550282,0.0017369999550282,2
KZ Cash USD,KZC-USD,2022-03-23,0.0017369999550282,0.0017590000061318,0.001717000035569,0.0017590000061318,0.0017590000061318,4
KZ Cash USD,KZC-USD,2022-03-24,0.0017579999985173,0.0018090000376105,0.0017519999528303,0.001801999984309,0.001801999984309,3
KZ Cash USD,KZC-USD,2022-03-25,0.0018029999919235,0.0018449999624863,0.0017920000245794,0.0018179999897256,0.0018179999897256,21
KZ Cash USD,KZC-USD,2022-03-26,0.0018179999897256,0.0018339999951422,0.0018110000528395,0.0018250000430271,0.0018250000430271,2
KZ Cash USD,KZC-USD,2022-03-27,0.0018250000430271,0.0019199999514967,0.0018220000201836,0.0019199999514967,0.0019199999514967,2
KZ Cash USD,KZC-USD,2022-03-28,0.0019199999514967,0.0019720001146197,0.001914000022225,0.0019320000428706,0.0019320000428706,6
KZ Cash USD,KZC-USD,2022-03-29,0.0019310000352561,0.0019690000917762,0.0019310000352561,0.0019460000330582,0.0019460000330582,3
KZ Cash USD,KZC-USD,2022-03-30,0.0019460000330582,0.0019539999775588,0.0019170000450685,0.0019300000276416,0.0019300000276416,4
KZ Cash USD,KZC-USD,2022-03-31,0.0019300000276416,0.0019480000482872,0.0018609999679028,0.0018670000135898,0.0018670000135898,6
KZ Cash USD,KZC-USD,2022-04-01,0.0018680000212043,0.0019109999993816,0.0018210000125691,0.0018980000168085,0.0018980000168085,5
KZ Cash USD,KZC-USD,2022-04-02,0.0018980000168085,0.0019280000124126,0.0018769999733194,0.0018810000037774,0.0018810000037774,2
KZ Cash USD,KZC-USD,2022-04-03,0.0018799999961629,0.002199999988079,0.0018710000440478,0.0019049999536946,0.0019049999536946,3
KZ Cash USD,KZC-USD,2022-04-04,0.0019039999460801,0.001918000052683,0.0018550000386312,0.001912000006996,0.001912000006996,6
KZ Cash USD,KZC-USD,2022-04-05,0.001912000006996,0.0021629999391734,0.0018720000516623,0.0021410000044852,0.0021410000044852,13
KZ Cash USD,KZC-USD,2022-04-06,0.0021410000044852,0.0021410000044852,0.0017280000029131,0.0017280000029131,0.0017280000029131,7
KZ Cash USD,KZC-USD,2022-04-07,0.0017280000029131,0.0018579999450594,0.0017160000279545,0.0017399999778717,0.0017399999778717,1
KZ Cash USD,KZC-USD,2022-04-08,0.0017399999778717,0.0017559999832883,0.0016870000399649,0.001691999961622,0.001691999961622,3
KZ Cash USD,KZC-USD,2022-04-09,0.0016909999540075,0.0017109999898821,0.0016870000399649,0.0017109999898821,0.0017109999898821,4
KZ Cash USD,KZC-USD,2022-04-10,0.0017109999898821,0.0017350000562146,0.0016809999942779,0.0016880000475794,0.0016880000475794,16
KZ Cash USD,KZC-USD,2022-04-11,0.0016880000475794,0.0016969999996945,0.0015750000020489,0.0015810000477358,0.0015810000477358,12
KZ Cash USD,KZC-USD,2022-04-12,0.0015810000477358,0.0016250000335276,0.0015760000096634,0.001604999997653,0.001604999997653,3
KZ Cash USD,KZC-USD,2022-04-13,0.001604999997653,0.0016570000443607,0.0015889999922364,0.0016469999682158,0.0016469999682158,3
KZ Cash USD,KZC-USD,2022-04-14,0.0016459999606013,0.0016580000519752,0.001587999984622,0.0015970000531524,0.0015970000531524,4
KZ Cash USD,KZC-USD,2022-04-15,0.0015979999443516,0.0017890000017359,0.0015950000379234,0.0016220000106841,0.0016220000106841,1
KZ Cash USD,KZC-USD,2022-04-16,0.0016220000106841,0.0018029999919235,0.001602999982424,0.0016169999726116,0.0016169999726116,0
KZ Cash USD,KZC-USD,2022-04-17,0.0016169999726116,0.001899000024423,0.0015849999617785,0.0015889999922364,0.0015889999922364,3
KZ Cash USD,KZC-USD,2022-04-18,0.0015889999922364,0.0024520000442862,0.0015480000292882,0.0016329999780282,0.0016329999780282,67
KZ Cash USD,KZC-USD,2022-04-19,0.0016329999780282,0.0018029999919235,0.0016250000335276,0.0016599999507889,0.0016599999507889,1
KZ Cash USD,KZC-USD,2022-04-20,0.0016599999507889,0.0016850000247359,0.0016380000161007,0.0016550000291317,0.0016550000291317,3
KZ Cash USD,KZC-USD,2022-04-21,0.0016550000291317,0.0017160000279545,0.001602999982424,0.0016210000030696,0.0016210000030696,1
KZ Cash USD,KZC-USD,2022-04-22,0.0016210000030696,0.0017460000235587,0.0015729999868199,0.0015899999998509,0.0015899999998509,3
KZ Cash USD,KZC-USD,2022-04-23,0.0015899999998509,0.0015970000531524,0.0015739999944344,0.0015790000325068,0.0015790000325068,3
KZ Cash USD,KZC-USD,2022-04-24,0.0015790000325068,0.0015940000303089,0.0015689999563619,0.0015790000325068,0.0015790000325068,25
KZ Cash USD,KZC-USD,2022-04-25,0.0015790000325068,0.0016199999954551,0.0015340000391006,0.0016179999802261,0.0016179999802261,2
KZ Cash USD,KZC-USD,2022-04-26,0.0016179999802261,0.0022239999379962,0.0015549999661743,0.0015630000270903,0.0015630000270903,5
KZ Cash USD,KZC-USD,2022-04-27,0.0015630000270903,0.0018810000037774,0.0015579999890178,0.0015699999639764,0.0015699999639764,4
KZ Cash USD,KZC-USD,2022-04-28,0.0015699999639764,0.0018520000157877,0.0015579999890178,0.0015910000074654,0.0015910000074654,6
KZ Cash USD,KZC-USD,2022-04-29,0.0015910000074654,0.0018269999418407,0.0015389999607577,0.0015439999988302,0.0015439999988302,3
KZ Cash USD,KZC-USD,2022-04-30,0.0015439999988302,0.0015510000521317,0.0015079999575391,0.0015089999651536,0.0015089999651536,22
KZ Cash USD,KZC-USD,2022-05-01,0.0015089999651536,0.0017770000267773,0.0015030000358819,0.0015389999607577,0.0015389999607577,13
KZ Cash USD,KZC-USD,2022-05-02,0.0015389999607577,0.0015630000270903,0.0015259999781847,0.0015409999759867,0.0015409999759867,1
KZ Cash USD,KZC-USD,2022-05-03,0.0015409999759867,0.0016550000291317,0.0015030000358819,0.0015099999727681,0.0015099999727681,1
KZ Cash USD,KZC-USD,2022-05-04,0.0015099999727681,0.0017229999648407,0.0015089999651536,0.0017099999822676,0.0017099999822676,0
KZ Cash USD,KZC-USD,2022-05-05,0.0017099999822676,0.0017389999702572,0.0014339999761432,0.0014629999641329,0.0014629999641329,43
KZ Cash USD,KZC-USD,2022-05-06,0.0014629999641329,0.0014649999793618,0.0014189999783411,0.0014420000370591,0.0014420000370591,29
KZ Cash USD,KZC-USD,2022-05-07,0.0014420000370591,0.0014449999434873,0.0013980000512674,0.0014199999859556,0.0014199999859556,2
KZ Cash USD,KZC-USD,2022-05-08,0.0014199999859556,0.0015129999956116,0.0013549999566748,0.0013620000099763,0.0013620000099763,1
KZ Cash USD,KZC-USD,2022-05-09,0.0013620000099763,0.0013689999468624,0.0012120000319555,0.0012120000319555,0.0012120000319555,5
KZ Cash USD,KZC-USD,2022-05-10,0.001211000024341,0.0013040000339969,0.0011980000417679,0.0012410000199452,0.0012410000199452,7
KZ Cash USD,KZC-USD,2022-05-11,0.0012410000199452,0.0026159998960793,0.0011340000201016,0.0011569999624043,0.0011569999624043,12
KZ Cash USD,KZC-USD,2022-05-12,0.0011569999624043,0.0041069998405873,0.001094999955967,0.0011909999884665,0.0011909999884665,10
KZ Cash USD,KZC-USD,2022-05-13,0.001189999980852,0.0012679999927058,0.0011800000211223,0.0012009999481961,0.0012009999481961,2
KZ Cash USD,KZC-USD,2022-05-14,0.0012009999481961,0.0012379999971017,0.0011769999982789,0.0012339999666437,0.0012339999666437,2
KZ Cash USD,KZC-USD,2022-05-15,0.0012339999666437,0.0013129999861121,0.001211000024341,0.0012839999981224,0.0012839999981224,1
KZ Cash USD,KZC-USD,2022-05-16,0.0012829999905079,0.0012839999981224,0.0011990000493824,0.0012240000069141,0.0012240000069141,3
KZ Cash USD,KZC-USD,2022-05-17,0.0012240000069141,0.0012580000329762,0.0012120000319555,0.0012469999492168,0.0012469999492168,2
KZ Cash USD,KZC-USD,2022-05-18,0.0012469999492168,0.0012550000101327,0.0011780000058934,0.0011780000058934,0.0011780000058934,4
KZ Cash USD,KZC-USD,2022-05-19,0.0011780000058934,0.0012479999568313,0.0011769999982789,0.0012430000351741,0.0012430000351741,7
KZ Cash USD,KZC-USD,2022-05-20,0.0012430000351741,0.0012570000253617,0.0011670000385493,0.0011680000461637,0.0011680000461637,8
KZ Cash USD,KZC-USD,2022-05-21,0.0011680000461637,0.0011840000515803,0.0011609999928623,0.0011769999982789,0.0011769999982789,3
KZ Cash USD,KZC-USD,2022-05-22,0.0011769999982789,0.0013559999642893,0.0010539999930188,0.0012159999459981,0.0012159999459981,42
KZ Cash USD,KZC-USD,2022-05-23,0.001215000054799,0.0012240000069141,0.0011589999776333,0.0011640000157058,0.0011640000157058,1
KZ Cash USD,KZC-USD,2022-05-24,0.0011640000157058,0.0011810000287368,0.0011480000102892,0.0011569999624043,0.0011569999624043,2
KZ Cash USD,KZC-USD,2022-05-25,0.0011559999547898,0.0011759999906644,0.0011230000527575,0.0011230000527575,0.0011230000527575,3
KZ Cash USD,KZC-USD,2022-05-26,0.0011230000527575,0.0011340000201016,0.0010740000288933,0.0010829999810084,0.0010829999810084,5
KZ Cash USD,KZC-USD,2022-05-27,0.0010819999733939,0.0011739999754354,0.0010300000431016,0.0010310000507161,0.0010310000507161,1
KZ Cash USD,KZC-USD,2022-05-28,0.0010300000431016,0.0011810000287368,0.0010280000278726,0.0011810000287368,0.0011810000287368,11
KZ Cash USD,KZC-USD,2022-05-29,0.0012189999688416,0.0012649999698624,0.0009599999757483,0.0009720000089146,0.0009720000089146,31
KZ Cash USD,KZC-USD,2022-05-30,0.0009720000089146,0.0011139999842271,0.0009670000290498,0.0011099999537691,0.0011099999537691,1
KZ Cash USD,KZC-USD,2022-05-31,0.0011099999537691,0.0014189999783411,0.001094999955967,0.0011759999906644,0.0011759999906644,2
KZ Cash USD,KZC-USD,2022-06-01,0.0011759999906644,0.0015620000194758,0.001094999955967,0.0014769999543204,0.0014769999543204,0
KZ Cash USD,KZC-USD,2022-06-02,0.0014769999543204,0.0014769999543204,0.0010829999810084,0.001096999971196,0.001096999971196,3
KZ Cash USD,KZC-USD,2022-06-03,0.001096999971196,0.0012779999524354,0.0010379999876022,0.0010400000028312,0.0010400000028312,1
KZ Cash USD,KZC-USD,2022-06-04,0.0010400000028312,0.0010440000332891,0.001012000022456,0.001014000037685,0.001014000037685,2
KZ Cash USD,KZC-USD,2022-06-05,0.001014000037685,0.001016000052914,0.0009759999811649,0.000986999948509,0.000986999948509,3
KZ Cash USD,KZC-USD,2022-06-06,0.000986999948509,0.001215000054799,0.0007810000097379,0.0007849999819882,0.0007849999819882,53
KZ Cash USD,KZC-USD,2022-06-07,0.0007849999819882,0.0007869999972172,0.0007379999733529,0.0007789999945089,0.0007789999945089,2
KZ Cash USD,KZC-USD,2022-06-08,0.0007789999945089,0.0007810000097379,0.0007239999831654,0.000754999986384,0.000754999986384,1
KZ Cash USD,KZC-USD,2022-06-09,0.000754999986384,0.0007650000043213,0.0007210000185295,0.0007229999755509,0.0007229999755509,8
KZ Cash USD,KZC-USD,2022-06-10,0.0007229999755509,0.0007259999983943,0.0006949999951757,0.0006980000180192,0.0006980000180192,1
KZ Cash USD,KZC-USD,2022-06-11,0.0006980000180192,0.0007060000207275,0.0006779999821446,0.0006810000049881,0.0006810000049881,1
KZ Cash USD,KZC-USD,2022-06-12,0.0006810000049881,0.0006840000278316,0.0006419999990612,0.0006419999990612,0.0006419999990612,3
KZ Cash USD,KZC-USD,2022-06-13,0.0006419999990612,0.0006430000066757,0.0004920000210404,0.0005000000237487,0.0005000000237487,15
KZ Cash USD,KZC-USD,2022-06-14,0.0005000000237487,0.0005109999910928,0.0004659999976865,0.0004889999981969,0.0004889999981969,1
KZ Cash USD,KZC-USD,2022-06-15,0.0004879999905824,0.0055929999798536,0.0004440000047907,0.005460999906063,0.005460999906063,551
KZ Cash USD,KZC-USD,2022-06-16,0.0054620001465082,0.0055329999886453,0.0006880000000819,0.0008149999775923,0.0008149999775923,81
KZ Cash USD,KZC-USD,2022-06-17,0.0008149999775923,0.000850000011269,0.000813000020571,0.0008190000080503,0.0008190000080503,1
KZ Cash USD,KZC-USD,2022-06-18,0.0008190000080503,0.0008290000259876,0.0007440000190399,0.0007989999721758,0.0007989999721758,2
KZ Cash USD,KZC-USD,2022-06-19,0.0007980000227689,0.0018619999755173,0.0007409999961964,0.0009250000002793,0.0009250000002793,3
KZ Cash USD,KZC-USD,2022-06-20,0.0009250000002793,0.0009410000056959,0.0008859999943524,0.0009270000155083,0.0009270000155083,1
KZ Cash USD,KZC-USD,2022-06-21,0.0009270000155083,0.0009730000165291,0.0008249999955296,0.0008280000183731,0.0008280000183731,4
KZ Cash USD,KZC-USD,2022-06-22,0.0008290000259876,0.0008329999982379,0.000793999992311,0.0007989999721758,0.0007989999721758,0
KZ Cash USD,KZC-USD,2022-06-23,0.0007989999721758,0.0010489999549463,0.0007980000227689,0.0008430000161752,0.0008430000161752,1
KZ Cash USD,KZC-USD,2022-06-24,0.0008430000161752,0.0008590000215917,0.0008309999830089,0.0008490000036545,0.0008490000036545,1
KZ Cash USD,KZC-USD,2022-06-25,0.0008490000036545,0.0008609999786131,0.0007890000124461,0.0007960000075399,0.0007960000075399,3
KZ Cash USD,KZC-USD,2022-06-26,0.0007949999999254,0.0010450000409036,0.0007779999868944,0.0007779999868944,0.0007779999868944,13
KZ Cash USD,KZC-USD,2022-06-27,0.0007779999868944,0.0007949999999254,0.0007420000038109,0.0007459999760612,0.0007459999760612,13
KZ Cash USD,KZC-USD,2022-06-28,0.0007459999760612,0.0007619999814778,0.0007280000136233,0.0007300000288523,0.0007300000288523,0
KZ Cash USD,KZC-USD,2022-06-29,0.0007300000288523,0.0009180000051856,0.0007179999956861,0.0007239999831654,0.0007239999831654,0
KZ Cash USD,KZC-USD,2022-06-30,0.0007239999831654,0.0007249999907799,0.0006740000098943,0.0007120000082068,0.0007120000082068,0
KZ Cash USD,KZC-USD,2022-07-01,0.0007140000234358,0.0007430000114254,0.0006869999924674,0.0006939999875612,0.0006939999875612,0
KZ Cash USD,KZC-USD,2022-07-02,0.0006939999875612,0.0006970000104047,0.0006849999772384,0.0006929999799467,0.0006929999799467,0
KZ Cash USD,KZC-USD,2022-07-03,0.0006929999799467,0.0007040000054985,0.0006740000098943,0.0006750000175088,0.0006750000175088,0
KZ Cash USD,KZC-USD,2022-07-04,0.0006750000175088,0.0007089999853633,0.0006670000148005,0.0007079999777488,0.0007079999777488,0
KZ Cash USD,KZC-USD,2022-07-05,0.0007079999777488,0.000722000026144,0.0006769999745301,0.000707000028342,0.000707000028342,0
KZ Cash USD,KZC-USD,2022-07-06,0.000707000028342,0.0007210000185295,0.0006760000251233,0.0007190000033006,0.0007190000033006,0
KZ Cash USD,KZC-USD,2022-07-07,0.0007190000033006,0.000759000016842,0.0007099999929778,0.0007559999939985,0.0007559999939985,0
KZ Cash USD,KZC-USD,2022-07-08,0.0007559999939985,0.0007740000146441,0.0007239999831654,0.0007609999738633,0.0007609999738633,0
KZ Cash USD,KZC-USD,2022-07-09,0.0007600000244565,0.0007660000119358,0.0007510000141337,0.0007559999939985,0.0007559999939985,3
KZ Cash USD,KZC-USD,2022-07-10,0.0007559999939985,0.0007559999939985,0.0007089999853633,0.0007300000288523,0.0007300000288523,0
KZ Cash USD,KZC-USD,2022-07-11,0.0007300000288523,0.0007300000288523,0.0006970000104047,0.0006990000256337,0.0006990000256337,1
KZ Cash USD,KZC-USD,2022-07-12,0.0006990000256337,0.0007019999902695,0.0006760000251233,0.0006760000251233,0.0006760000251233,0
KZ Cash USD,KZC-USD,2022-07-13,0.0006760000251233,0.0007079999777488,0.0006649999995715,0.000707000028342,0.000707000028342,0
KZ Cash USD,KZC-USD,2022-07-14,0.000707000028342,0.0007280000136233,0.0006890000076964,0.0007200000109151,0.0007200000109151,1
KZ Cash USD,KZC-USD,2022-07-15,0.0007200000109151,0.0007399999885819,0.0007140000234358,0.0007290000212378,0.0007290000212378,0
KZ Cash USD,KZC-USD,2022-07-16,0.0007290000212378,0.000752999971155,0.0007179999956861,0.0007420000038109,0.0007420000038109,0
KZ Cash USD,KZC-USD,2022-07-17,0.0007420000038109,0.0007559999939985,0.0007270000060088,0.0007270000060088,0.0007270000060088,0
KZ Cash USD,KZC-USD,2022-07-18,0.0007270000060088,0.000791999977082,0.0007270000060088,0.0007869999972172,0.0007869999972172,0
KZ Cash USD,KZC-USD,2022-07-19,0.0007859999896027,0.0008280000183731,0.000759000016842,0.0008190000080503,0.0008190000080503,0
KZ Cash USD,KZC-USD,2022-07-20,0.0008190000080503,0.0008469999884255,0.0008050000178627,0.000813000020571,0.000813000020571,0
KZ Cash USD,KZC-USD,2022-07-21,0.000813000020571,0.0008190000080503,0.0007789999945089,0.0007800000021234,0.0007800000021234,0
KZ Cash USD,KZC-USD,2022-07-22,0.0007800000021234,0.0008270000107586,0.0007740000146441,0.0007949999999254,0.0007949999999254,0
KZ Cash USD,KZC-USD,2022-07-23,0.0007949999999254,0.0008040000102482,0.0007699999841861,0.0007859999896027,0.0007859999896027,0
KZ Cash USD,KZC-USD,2022-07-24,0.0007859999896027,0.0008159999852068,0.0007810000097379,0.0007970000151544,0.0007970000151544,0
KZ Cash USD,KZC-USD,2022-07-25,0.0007970000151544,0.0008169999928213,0.0007479999912902,0.0007479999912902,0.0007479999912902,0
KZ Cash USD,KZC-USD,2022-07-26,0.0007479999912902,0.0007830000249668,0.0007309999782592,0.0007430000114254,0.0007430000114254,3
KZ Cash USD,KZC-USD,2022-07-27,0.0007440000190399,0.0008050000178627,0.0007370000239461,0.0007869999972172,0.0007869999972172,0
KZ Cash USD,KZC-USD,2022-07-28,0.0007880000048317,0.0009159999899566,0.0007839999743737,0.0009059999720193,0.0009059999720193,1
KZ Cash USD,KZC-USD,2022-07-29,0.0009059999720193,0.0009229999850504,0.0008319999906234,0.0008329999982379,0.0008329999982379,0
KZ Cash USD,KZC-USD,2022-07-30,0.0008329999982379,0.0008970000199042,0.0008249999955296,0.0008280000183731,0.0008280000183731,0
KZ Cash USD,KZC-USD,2022-07-31,0.0008280000183731,0.0008350000134669,0.0007680000271648,0.0007699999841861,0.0007699999841861,22
KZ Cash USD,KZC-USD,2022-08-01,0.0007699999841861,0.0009120000177063,0.000759000016842,0.0008389999857172,0.0008389999857172,0
KZ Cash USD,KZC-USD,2022-08-02,0.0008389999857172,0.0008399999933317,0.0007489999989047,0.0007580000092275,0.0007580000092275,0
KZ Cash USD,KZC-USD,2022-08-03,0.0007580000092275,0.0008280000183731,0.0007510000141337,0.0007539999787695,0.0007539999787695,0
KZ Cash USD,KZC-USD,2022-08-04,0.0007539999787695,0.0008529999759048,0.0007420000038109,0.0008440000237897,0.0008440000237897,0
KZ Cash USD,KZC-USD,2022-08-05,0.0008440000237897,0.0008689999813213,0.0007830000249668,0.0008449999731965,0.0008449999731965,0
KZ Cash USD,KZC-USD,2022-08-06,0.0008449999731965,0.000845999980811,0.0007580000092275,0.0007580000092275,0.0007580000092275,0
KZ Cash USD,KZC-USD,2022-08-07,0.0007580000092275,0.0007709999918006,0.0007559999939985,0.0007650000043213,0.0007650000043213,0
KZ Cash USD,KZC-USD,2022-08-08,0.0007650000043213,0.0008549999911338,0.0007650000043213,0.0007859999896027,0.0007859999896027,0
KZ Cash USD,KZC-USD,2022-08-09,0.0007859999896027,0.0007890000124461,0.0007580000092275,0.0007639999967068,0.0007639999967068,0
KZ Cash USD,KZC-USD,2022-08-10,0.0007639999967068,0.0008779999916441,0.0007510000141337,0.0007900000200606,0.0007900000200606,0
KZ Cash USD,KZC-USD,2022-08-11,0.0007900000200606,0.0008190000080503,0.0007890000124461,0.0007910000276751,0.0007910000276751,0
KZ Cash USD,KZC-USD,2022-08-12,0.0007910000276751,0.0008299999753944,0.0007810000097379,0.0008299999753944,0.0008299999753944,0
KZ Cash USD,KZC-USD,2022-08-13,0.0008299999753944,0.0010939999483525,0.0008280000183731,0.0010750000365078,0.0010750000365078,19
KZ Cash USD,KZC-USD,2022-08-14,0.0010750000365078,0.0010829999810084,0.0009309999877586,0.0009740000241436,0.0009740000241436,0
KZ Cash USD,KZC-USD,2022-08-15,0.0009740000241436,0.0009929999941959,0.000811000005342,0.0008210000232793,0.0008210000232793,0
KZ Cash USD,KZC-USD,2022-08-16,0.0008200000156648,0.0008239999879151,0.0008120000129565,0.0008169999928213,0.0008169999928213,0
KZ Cash USD,KZC-USD,2022-08-17,0.0008169999928213,0.0010519999777898,0.0007900000200606,0.0010499999625608,0.0010499999625608,14
KZ Cash USD,KZC-USD,2022-08-18,0.0010499999625608,0.0010600000387057,0.000988999963738,0.000988999963738,0.000988999963738,0
KZ Cash USD,KZC-USD,2022-08-19,0.000988999963738,0.0009919999865815,0.0007300000288523,0.0007309999782592,0.0007309999782592,0
KZ Cash USD,KZC-USD,2022-08-20,0.0007309999782592,0.0009549999958835,0.0007300000288523,0.00095199997304,0.00095199997304,5
KZ Cash USD,KZC-USD,2022-08-21,0.00095199997304,0.0009660000214353,0.0007680000271648,0.0007750000222586,0.0007750000222586,0
KZ Cash USD,KZC-USD,2022-08-22,0.0007750000222586,0.0007750000222586,0.0007539999787695,0.0007699999841861,0.0007699999841861,0
KZ Cash USD,KZC-USD,2022-08-23,0.0007699999841861,0.0010280000278726,0.0005910000181756,0.0005980000132694,0.0005980000132694,9
KZ Cash USD,KZC-USD,2022-08-24,0.0005970000056549,0.0007839999743737,0.0005799999926239,0.0007699999841861,0.0007699999841861,0
KZ Cash USD,KZC-USD,2022-08-25,0.0007699999841861,0.0007839999743737,0.0005820000078529,0.0007779999868944,0.0007779999868944,0
KZ Cash USD,KZC-USD,2022-08-26,0.0007769999792799,0.0007849999819882,0.000560000014957,0.0005760000203736,0.0005760000203736,0
KZ Cash USD,KZC-USD,2022-08-27,0.0005760000203736,0.0005779999773949,0.0005430000019259,0.0005430000019259,0.0005430000019259,0
KZ Cash USD,KZC-USD,2022-08-28,0.0005430000019259,0.0007249999907799,0.0005419999943114,0.0007060000207275,0.0007060000207275,1
KZ Cash USD,KZC-USD,2022-08-29,0.0007060000207275,0.0009980000322684,0.0007060000207275,0.0009950000094249,0.0009950000094249,5
KZ Cash USD,KZC-USD,2022-08-30,0.0009950000094249,0.0010069999843835,0.0006719999946653,0.0006750000175088,0.0006750000175088,0
KZ Cash USD,KZC-USD,2022-08-31,0.0006750000175088,0.0007890000124461,0.0006750000175088,0.0007890000124461,0.0007890000124461,12
KZ Cash USD,KZC-USD,2022-09-01,0.0007890000124461,0.0007949999999254,0.0007149999728426,0.0007249999907799,0.0007249999907799,2
KZ Cash USD,KZC-USD,2022-09-02,0.0007249999907799,0.0007340000011026,0.0007130000158213,0.0007190000033006,0.0007190000033006,0
KZ Cash USD,KZC-USD,2022-09-03,0.0007190000033006,0.0008210000232793,0.0007089999853633,0.0007140000234358,0.0007140000234358,0
KZ Cash USD,KZC-USD,2022-09-04,0.0007140000234358,0.0007169999880716,0.000707000028342,0.0007169999880716,0.0007169999880716,0
KZ Cash USD,KZC-USD,2022-09-05,0.0007169999880716,0.0007730000070296,0.0007079999777488,0.0007130000158213,0.0007130000158213,0
KZ Cash USD,KZC-USD,2022-09-06,0.0007130000158213,0.0007650000043213,0.0007099999929778,0.0007340000011026,0.0007340000011026,0
KZ Cash USD,KZC-USD,2022-09-07,0.0007340000011026,0.0007489999989047,0.0006999999750405,0.0007479999912902,0.0007479999912902,0
KZ Cash USD,KZC-USD,2022-09-08,0.0007479999912902,0.0007539999787695,0.0007259999983943,0.0007319999858736,0.0007319999858736,0
KZ Cash USD,KZC-USD,2022-09-09,0.0007319999858736,0.0008529999759048,0.0007319999858736,0.0008529999759048,0.0008529999759048,0
KZ Cash USD,KZC-USD,2022-09-10,0.0008529999759048,0.0010369999799877,0.0007730000070296,0.0007800000021234,0.0007800000021234,2
KZ Cash USD,KZC-USD,2022-09-11,0.0007800000021234,0.0007839999743737,0.0007709999918006,0.0007839999743737,0.0007839999743737,0
KZ Cash USD,KZC-USD,2022-09-12,0.0007839999743737,0.0008079999824985,0.0007779999868944,0.0008050000178627,0.0008050000178627,0
KZ Cash USD,KZC-USD,2022-09-13,0.0008050000178627,0.0008280000183731,0.0007259999983943,0.0008280000183731,0.0008280000183731,0
KZ Cash USD,KZC-USD,2022-09-14,0.0008260000031441,0.000865000009071,0.0007949999999254,0.0008510000188834,0.0008510000188834,0
KZ Cash USD,KZC-USD,2022-09-15,0.0008510000188834,0.0008529999759048,0.0007500000065192,0.0007769999792799,0.0007769999792799,0
KZ Cash USD,KZC-USD,2022-09-16,0.0007769999792799,0.0007789999945089,0.0006980000180192,0.0007120000082068,0.0007120000082068,0
KZ Cash USD,KZC-USD,2022-09-17,0.0007120000082068,0.0008099999977275,0.0007120000082068,0.0007249999907799,0.0007249999907799,0
KZ Cash USD,KZC-USD,2022-09-18,0.0007249999907799,0.0012839999981224,0.0007099999929778,0.0008929999894462,0.0008929999894462,30
KZ Cash USD,KZC-USD,2022-09-19,0.0008929999894462,0.00089999998454,0.000845999980811,0.0008820000221021,0.0008820000221021,0
KZ Cash USD,KZC-USD,2022-09-20,0.0008820000221021,0.0008829999715089,0.0008360000210814,0.0008370000286959,0.0008370000286959,0
KZ Cash USD,KZC-USD,2022-09-21,0.0008370000286959,0.0012100000167265,0.0008370000286959,0.0008859999943524,0.0008859999943524,3
KZ Cash USD,KZC-USD,2022-09-22,0.0008859999943524,0.0013360000448301,0.0008839999791234,0.0009960000170394,0.0009960000170394,7
KZ Cash USD,KZC-USD,2022-09-23,0.0009960000170394,0.0010069999843835,0.0009490000084042,0.0010029999539256,0.0010029999539256,4
KZ Cash USD,KZC-USD,2022-09-24,0.0010029999539256,0.0012240000069141,0.000986999948509,0.0011970000341534,0.0011970000341534,1
KZ Cash USD,KZC-USD,2022-09-25,0.0011970000341534,0.0011990000493824,0.0009990000398829,0.0011470000026747,0.0011470000026747,1
KZ Cash USD,KZC-USD,2022-09-26,0.0011470000026747,0.001187999965623,0.0011449999874457,0.0011869999580085,0.0011869999580085,5
KZ Cash USD,KZC-USD,2022-09-27,0.0011869999580085,0.0013160000089555,0.0011630000080913,0.0012349999742582,0.0012349999742582,2
KZ Cash USD,KZC-USD,2022-09-28,0.0012349999742582,0.0012410000199452,0.0011210000375285,0.0011909999884665,0.0011909999884665,4
KZ Cash USD,KZC-USD,2022-09-29,0.0011909999884665,0.0012720000231638,0.001189999980852,0.0012720000231638,0.0012720000231638,3
KZ Cash USD,KZC-USD,2022-09-30,0.0012720000231638,0.0013269999762997,0.0012629999546334,0.0012819999828934,0.0012819999828934,0
KZ Cash USD,KZC-USD,2022-10-01,0.0012819999828934,0.0012949999654665,0.0012690000003203,0.001293999957852,0.001293999957852,0
KZ Cash USD,KZC-USD,2022-10-02,0.001293999957852,0.00129799998831,0.0012710000155493,0.0012760000536218,0.0012760000536218,0
KZ Cash USD,KZC-USD,2022-10-03,0.0012760000536218,0.00131700001657,0.0012750000460073,0.0013150000013411,0.0013150000013411,0
KZ Cash USD,KZC-USD,2022-10-04,0.0013150000013411,0.0013229999458417,0.0010539999930188,0.0013220000546425,0.0013220000546425,20
KZ Cash USD,KZC-USD,2022-10-05,0.0013220000546425,0.0013220000546425,0.0012280000373721,0.0013099999632686,0.0013099999632686,0
KZ Cash USD,KZC-USD,2022-10-06,0.0013099999632686,0.0013269999762997,0.001293999957852,0.0012969999806955,0.0012969999806955,0
KZ Cash USD,KZC-USD,2022-10-07,0.0012969999806955,0.0013030000263825,0.0012440000427886,0.0012509999796748,0.0012509999796748,2
KZ Cash USD,KZC-USD,2022-10-08,0.0012509999796748,0.0012550000101327,0.0012159999459981,0.0012229999992996,0.0012229999992996,1
KZ Cash USD,KZC-USD,2022-10-09,0.0012229999992996,0.0012309999438002,0.0011790000135079,0.0012250000145286,0.0012250000145286,0
KZ Cash USD,KZC-USD,2022-10-10,0.0012250000145286,0.0012290000449866,0.0011480000102892,0.0011480000102892,0.0011480000102892,0
KZ Cash USD,KZC-USD,2022-10-11,0.0011480000102892,0.0012009999481961,0.0007800000021234,0.0007830000249668,0.0007830000249668,6
KZ Cash USD,KZC-USD,2022-10-12,0.0007830000249668,0.0008559999987483,0.0007820000173524,0.0008559999987483,0.0008559999987483,0
KZ Cash USD,KZC-USD,2022-10-13,0.0008559999987483,0.0008699999889358,0.0007089999853633,0.0007169999880716,0.0007169999880716,1
KZ Cash USD,KZC-USD,2022-10-14,0.0007169999880716,0.0007360000163316,0.0006719999946653,0.0006740000098943,0.0006740000098943,2
KZ Cash USD,KZC-USD,2022-10-15,0.0006740000098943,0.0007019999902695,0.0006740000098943,0.0006789999897591,0.0006789999897591,4
KZ Cash USD,KZC-USD,2022-10-16,0.0006799999973736,0.0007559999939985,0.0006689999718219,0.0006740000098943,0.0006740000098943,1
KZ Cash USD,KZC-USD,2022-10-17,0.0006740000098943,0.0006869999924674,0.0006709999870508,0.0006840000278316,0.0006840000278316,2
KZ Cash USD,KZC-USD,2022-10-18,0.0006840000278316,0.0007440000190399,0.0006699999794363,0.0006769999745301,0.0006769999745301,0
KZ Cash USD,KZC-USD,2022-10-19,0.0006769999745301,0.0006769999745301,0.0006689999718219,0.0006699999794363,0.0006699999794363,2
KZ Cash USD,KZC-USD,2022-10-20,0.0006699999794363,0.0006760000251233,0.0005890000029467,0.0005910000181756,0.0005910000181756,16
KZ Cash USD,KZC-USD,2022-10-21,0.0005910000181756,0.0006249999860301,0.0005910000181756,0.0006070000235922,0.0006070000235922,4
KZ Cash USD,KZC-USD,2022-10-22,0.0006070000235922,0.0009030000073835,0.0005740000051446,0.0009030000073835,0.0009030000073835,6
KZ Cash USD,KZC-USD,2022-10-23,0.0009030000073835,0.0009609999833628,0.0006060000159777,0.0006070000235922,0.0006070000235922,4
KZ Cash USD,KZC-USD,2022-10-24,0.0006070000235922,0.0006169999833218,0.000594999990426,0.0006000000284984,0.0006000000284984,8
KZ Cash USD,KZC-USD,2022-10-25,0.0006000000284984,0.0006649999995715,0.0005970000056549,0.0006230000290088,0.0006230000290088,0
KZ Cash USD,KZC-USD,2022-10-26,0.0006230000290088,0.000648999994155,0.0006220000213943,0.0006440000142902,0.0006440000142902,1
KZ Cash USD,KZC-USD,2022-10-27,0.0006440000142902,0.0007389999809674,0.0006280000088736,0.0006290000164881,0.0006290000164881,0
KZ Cash USD,KZC-USD,2022-10-28,0.0006290000164881,0.0006760000251233,0.0006230000290088,0.0006380000268109,0.0006380000268109,0
KZ Cash USD,KZC-USD,2022-10-29,0.0006380000268109,0.0006440000142902,0.0006210000137798,0.0006249999860301,0.0006249999860301,12
KZ Cash USD,KZC-USD,2022-10-30,0.0006249999860301,0.0006730000022798,0.0006159999757073,0.0006189999985508,0.0006189999985508,1
KZ Cash USD,KZC-USD,2022-10-31,0.0006189999985508,0.0006239999784156,0.0006089999806135,0.0006150000263005,0.0006150000263005,1
KZ Cash USD,KZC-USD,2022-11-01,0.0006150000263005,0.0006189999985508,0.0006109999958425,0.0006150000263005,0.0006150000263005,1
KZ Cash USD,KZC-USD,2022-11-02,0.000614000018686,0.0006220000213943,0.0006029999931342,0.0006050000083632,0.0006050000083632,1
KZ Cash USD,KZC-USD,2022-11-03,0.0006050000083632,0.0006109999958425,0.0005649999948218,0.0005660000024363,0.0005660000024363,1
KZ Cash USD,KZC-USD,2022-11-04,0.0005660000024363,0.0005939999828115,0.0005649999948218,0.0005920000257901,0.0005920000257901,1
KZ Cash USD,KZC-USD,2022-11-05,0.0005920000257901,0.0006440000142902,0.0005910000181756,0.0005959999980404,0.0005959999980404,0
KZ Cash USD,KZC-USD,2022-11-06,0.0005959999980404,0.0006569999968633,0.0005920000257901,0.0006280000088736,0.0006280000088736,0
KZ Cash USD,KZC-USD,2022-11-07,0.0006280000088736,0.0006319999811239,0.0006150000263005,0.0006179999909363,0.0006179999909363,0
KZ Cash USD,KZC-USD,2022-11-08,0.0006179999909363,0.0006200000061653,0.0005280000041238,0.000555999984499,0.000555999984499,0
KZ Cash USD,KZC-USD,2022-11-09,0.000555999984499,0.000557999999728,0.0004699999990407,0.00047599998652,0.00047599998652,0
KZ Cash USD,KZC-USD,2022-11-10,0.00047599998652,0.0005419999943114,0.0004750000080093,0.0005280000041238,0.0005280000041238,1
KZ Cash USD,KZC-USD,2022-11-11,0.0005269999965094,0.0005300000193528,0.0004959999932907,0.0005109999910928,0.0005109999910928,1
KZ Cash USD,KZC-USD,2022-11-12,0.0005109999910928,0.000557999999728,0.0005000000237487,0.000503999995999,0.000503999995999,0
KZ Cash USD,KZC-USD,2022-11-13,0.000503999995999,0.0005530000198632,0.0004900000058114,0.0004910000134259,0.0004910000134259,0
KZ Cash USD,KZC-USD,2022-11-14,0.0004910000134259,0.0005130000063218,0.00047599998652,0.0004990000161342,0.0004990000161342,0
KZ Cash USD,KZC-USD,2022-11-15,0.0004990000161342,0.0005109999910928,0.0004959999932907,0.0005070000188425,0.0005070000188425,0
KZ Cash USD,KZC-USD,2022-11-16,0.0005070000188425,0.0005089999758638,0.0004630000039469,0.000467000005301,0.000467000005301,1
KZ Cash USD,KZC-USD,2022-11-17,0.000467000005301,0.0004680000129155,0.0004609999887179,0.000467000005301,0.000467000005301,1
KZ Cash USD,KZC-USD,2022-11-18,0.000467000005301,0.0004750000080093,0.0004490000137593,0.0004509999998845,0.0004509999998845,3
KZ Cash USD,KZC-USD,2022-11-19,0.0004509999998845,0.0004980000085197,0.0004469999985303,0.0004849999968428,0.0004849999968428,4
KZ Cash USD,KZC-USD,2022-11-20,0.0004849999968428,0.0004920000210404,0.0004360000020824,0.0004360000020824,0.0004360000020824,2
KZ Cash USD,KZC-USD,2022-11-21,0.0004360000020824,0.0007099999929778,0.0003910000086762,0.0004020000051241,0.0004020000051241,216
KZ Cash USD,KZC-USD,2022-11-22,0.0004020000051241,0.0004550000012386,0.0003629999991971,0.0004529999860096,0.0004529999860096,0
KZ Cash USD,KZC-USD,2022-11-23,0.0004529999860096,0.0004659999976865,0.0004529999860096,0.0004649999900721,0.0004649999900721,0
KZ Cash USD,KZC-USD,2022-11-24,0.0004649999900721,0.0004699999990407,0.0004090000002179,0.0004100000078324,0.0004100000078324,0
KZ Cash USD,KZC-USD,2022-11-25,0.0004100000078324,0.0004649999900721,0.0004100000078324,0.0004630000039469,0.0004630000039469,0
KZ Cash USD,KZC-USD,2022-11-26,0.0004630000039469,0.000467000005301,0.0004600000102072,0.0004609999887179,0.0004609999887179,1
KZ Cash USD,KZC-USD,2022-11-27,0.0004609999887179,0.0004640000115614,0.0003359999973326,0.0004429999971762,0.0004429999971762,0
KZ Cash USD,KZC-USD,2022-11-28,0.0004429999971762,0.0004710000066552,0.0004339999868534,0.0004699999990407,0.0004699999990407,1
KZ Cash USD,KZC-USD,2022-11-29,0.0004699999990407,0.0004790000093635,0.0004600000102072,0.0004600000102072,0.0004600000102072,1
KZ Cash USD,KZC-USD,2022-11-30,0.0004600000102072,0.0004809999954886,0.0004600000102072,0.0004809999954886,0.0004809999954886,3
KZ Cash USD,KZC-USD,2022-12-01,0.0004809999954886,0.0004820000031031,0.0004729999927803,0.0004750000080093,0.0004750000080093,1
KZ Cash USD,KZC-USD,2022-12-02,0.0004750000080093,0.0005770000279881,0.0004729999927803,0.000478000001749,0.000478000001749,0
KZ Cash USD,KZC-USD,2022-12-03,0.0004790000093635,0.0005089999758638,0.000413000001572,0.0005070000188425,0.0005070000188425,0
KZ Cash USD,KZC-USD,2022-12-04,0.0005070000188425,0.0005140000139363,0.000478000001749,0.0004799999878741,0.0004799999878741,2
KZ Cash USD,KZC-USD,2022-12-05,0.0004799999878741,0.0005130000063218,0.000478000001749,0.0004920000210404,0.0004920000210404,2
KZ Cash USD,KZC-USD,2022-12-06,0.0004920000210404,0.0004959999932907,0.0004910000134259,0.0004959999932907,0.0004959999932907,0
KZ Cash USD,KZC-USD,2022-12-07,0.0004959999932907,0.0004959999932907,0.0004159999953117,0.0004889999981969,0.0004889999981969,0
KZ Cash USD,KZC-USD,2022-12-08,0.0004889999981969,0.0004900000058114,0.0004529999860096,0.0004649999900721,0.0004649999900721,11
KZ Cash USD,KZC-USD,2022-12-09,0.0004649999900721,0.0005680000176653,0.0004180000105407,0.0004210000042803,0.0004210000042803,65
KZ Cash USD,KZC-USD,2022-12-10,0.0004210000042803,0.0004480000061448,0.0004170000029262,0.0004450000124052,0.0004450000124052,0
KZ Cash USD,KZC-USD,2022-12-11,0.0004450000124052,0.0007099999929778,0.0004159999953117,0.0005450000171549,0.0005450000171549,464
KZ Cash USD,KZC-USD,2022-12-12,0.0005450000171549,0.0007730000070296,0.0005370000144466,0.0005760000203736,0.0005760000203736,768
KZ Cash USD,KZC-USD,2022-12-13,0.0005760000203736,0.0006919999723322,0.0005660000024363,0.0006880000000819,0.0006880000000819,86
KZ Cash USD,KZC-USD,2022-12-14,0.0006880000000819,0.0006890000076964,0.0005339999916031,0.0005339999916031,0.0005339999916031,35
KZ Cash USD,KZC-USD,2022-12-15,0.0005339999916031,0.0007440000190399,0.0005290000117383,0.0007290000212378,0.0007290000212378,5
KZ Cash USD,KZC-USD,2022-12-16,0.0007290000212378,0.0007319999858736,0.0006300000241026,0.0006329999887384,0.0006329999887384,11
KZ Cash USD,KZC-USD,2022-12-17,0.0006329999887384,0.0006380000268109,0.0006309999735094,0.0006380000268109,0.0006380000268109,1
KZ Cash USD,KZC-USD,2022-12-18,0.0006380000268109,0.0006559999892488,0.0006350000039674,0.0006539999740198,0.0006539999740198,4
KZ Cash USD,KZC-USD,2022-12-19,0.0006539999740198,0.0006549999816343,0.0006399999838322,0.0006409999914467,0.0006409999914467,1
KZ Cash USD,KZC-USD,2022-12-20,0.0006409999914467,0.0006849999772384,0.0006210000137798,0.0006370000191964,0.0006370000191964,8
KZ Cash USD,KZC-USD,2022-12-21,0.0006370000191964,0.0006459999713115,0.0004529999860096,0.0004539999936241,0.0004539999936241,2
KZ Cash USD,KZC-USD,2022-12-22,0.0004539999936241,0.0006840000278316,0.0004490000137593,0.0005050000036135,0.0005050000036135,2
KZ Cash USD,KZC-USD,2022-12-23,0.0005050000036135,0.000523000024259,0.0004879999905824,0.0005210000090301,0.0005210000090301,12
KZ Cash USD,KZC-USD,2022-12-24,0.0005210000090301,0.0006910000229254,0.0005210000090301,0.0005220000166445,0.0005220000166445,18
KZ Cash USD,KZC-USD,2022-12-25,0.0005220000166445,0.000523000024259,0.0004870000120718,0.0004879999905824,0.0004879999905824,25
KZ Cash USD,KZC-USD,2022-12-26,0.0004879999905824,0.0006459999713115,0.0004879999905824,0.0005089999758638,0.0005089999758638,17
KZ Cash USD,KZC-USD,2022-12-27,0.0005089999758638,0.0006479999865405,0.0004680000129155,0.0006350000039674,0.0006350000039674,10
KZ Cash USD,KZC-USD,2022-12-28,0.0006350000039674,0.0006370000191964,0.0004619999963324,0.0006290000164881,0.0006290000164881,11
KZ Cash USD,KZC-USD,2022-12-29,0.0006290000164881,0.0006329999887384,0.0004649999900721,0.0004659999976865,0.0004659999976865,7
KZ Cash USD,KZC-USD,2022-12-30,0.0004659999976865,0.0004659999976865,0.0004590000025928,0.0004649999900721,0.0004649999900721,1
KZ Cash USD,KZC-USD,2022-12-31,0.0004649999900721,0.0004649999900721,0.000395999988541,0.0003969999961555,0.0003969999961555,7
KZ Cash USD,KZC-USD,2023-01-01,0.0003969999961555,0.0003990000113844,0.0003969999961555,0.0003990000113844,0.0003990000113844,0
KZ Cash USD,KZC-USD,2023-01-02,0.0003990000113844,0.0004189999890513,0.0003980000037699,0.0004009999975096,0.0004009999975096,9
KZ Cash USD,KZC-USD,2023-01-03,0.0004009999975096,0.0005210000090301,0.0003990000113844,0.0003999999898951,0.0003999999898951,0
KZ Cash USD,KZC-USD,2023-01-04,0.0003999999898951,0.0005259999888949,0.0003999999898951,0.0004049999988637,0.0004049999988637,11
KZ Cash USD,KZC-USD,2023-01-05,0.0004049999988637,0.0004220000118948,0.0004030000127386,0.0004039999912492,0.0004039999912492,7
KZ Cash USD,KZC-USD,2023-01-06,0.0004039999912492,0.0005210000090301,0.0004009999975096,0.0004070000140927,0.0004070000140927,0
KZ Cash USD,KZC-USD,2023-01-07,0.0004070000140927,0.0004070000140927,0.0004060000064782,0.0004070000140927,0.0004070000140927,0
KZ Cash USD,KZC-USD,2023-01-08,0.0004070000140927,0.0005639999872073,0.0004060000064782,0.0004100000078324,0.0004100000078324,0
KZ Cash USD,KZC-USD,2023-01-09,0.0004100000078324,0.000555999984499,0.0004100000078324,0.0005510000046342,0.0005510000046342,0
KZ Cash USD,KZC-USD,2023-01-10,0.0005499999970197,0.000555999984499,0.000413000001572,0.0004189999890513,0.0004189999890513,2
KZ Cash USD,KZC-USD,2023-01-11,0.0004189999890513,0.0004299999854993,0.0004159999953117,0.0004299999854993,0.0004299999854993,1
KZ Cash USD,KZC-USD,2023-01-12,0.0004349999944679,0.0005000000237487,0.0004320000007282,0.0004529999860096,0.0004529999860096,0
KZ Cash USD,KZC-USD,2023-01-13,0.0004529999860096,0.0004790000093635,0.00044999999227,0.000478000001749,0.000478000001749,1
KZ Cash USD,KZC-USD,2023-01-14,0.000478000001749,0.0006220000213943,0.000478000001749,0.0005029999883845,0.0005029999883845,0
KZ Cash USD,KZC-USD,2023-01-15,0.0005029999883845,0.000503999995999,0.0004949999856762,0.0005009999731555,0.0005009999731555,0
KZ Cash USD,KZC-USD,2023-01-16,0.0005009999731555,0.0005130000063218,0.0004970000009052,0.000508000026457,0.000508000026457,1
KZ Cash USD,KZC-USD,2023-01-17,0.000508000026457,0.0005150000215508,0.0005029999883845,0.000508000026457,0.000508000026457,1
KZ Cash USD,KZC-USD,2023-01-18,0.000508000026457,0.000609999988228,0.0004930000286549,0.0004970000009052,0.0004970000009052,0
KZ Cash USD,KZC-USD,2023-01-19,0.0004959999932907,0.000508000026457,0.0004959999932907,0.000506000011228,0.000506000011228,1
KZ Cash USD,KZC-USD,2023-01-20,0.000506000011228,0.0006350000039674,0.0005050000036135,0.0006350000039674,0.0006350000039674,6
KZ Cash USD,KZC-USD,2023-01-21,0.0006350000039674,0.0006360000115819,0.0005409999866969,0.0005469999741762,0.0005469999741762,1
KZ Cash USD,KZC-USD,2023-01-22,0.0005469999741762,0.0006919999723322,0.0005460000247694,0.0006919999723322,0.0006919999723322,0
KZ Cash USD,KZC-USD,2023-01-23,0.0006919999723322,0.0006929999799467,0.0005440000095404,0.0005499999970197,0.0005499999970197,0
KZ Cash USD,KZC-USD,2023-01-24,0.0005499999970197,0.0006600000197067,0.0005409999866969,0.0005430000019259,0.0005430000019259,0
KZ Cash USD,KZC-USD,2023-01-25,0.0005430000019259,0.0005460000247694,0.0003480000013951,0.000452000007499,0.000452000007499,1
KZ Cash USD,KZC-USD,2023-01-26,0.0004509999998845,0.0005569999921135,0.0004490000137593,0.0005530000198632,0.0005530000198632,1
KZ Cash USD,KZC-USD,2023-01-27,0.0005530000198632,0.0005719999899156,0.0005440000095404,0.0005540000274777,0.0005540000274777,0
KZ Cash USD,KZC-USD,2023-01-28,0.0005540000274777,0.000555999984499,0.0005499999970197,0.0005530000198632,0.0005530000198632,0
KZ Cash USD,KZC-USD,2023-01-29,0.0005530000198632,0.0005740000051446,0.0005520000122487,0.0005709999823011,0.0005709999823011,0
KZ Cash USD,KZC-USD,2023-01-30,0.0005709999823011,0.0005709999823011,0.0005440000095404,0.0005479999817907,0.0005479999817907,1
KZ Cash USD,KZC-USD,2023-01-31,0.0005479999817907,0.0005840000230818,0.0005460000247694,0.0005840000230818,0.0005840000230818,0
KZ Cash USD,KZC-USD,2023-02-01,0.0005840000230818,0.0007910000276751,0.0005709999823011,0.0006380000268109,0.0006380000268109,0
KZ Cash USD,KZC-USD,2023-02-02,0.0006380000268109,0.0006450000219047,0.0005629999795928,0.0005629999795928,0.0005629999795928,0
KZ Cash USD,KZC-USD,2023-02-03,0.0005629999795928,0.0005680000176653,0.0005590000073425,0.0005629999795928,0.0005629999795928,1
KZ Cash USD,KZC-USD,2023-02-04,0.0005629999795928,0.0006600000197067,0.0005590000073425,0.000560000014957,0.000560000014957,1
KZ Cash USD,KZC-USD,2023-02-05,0.000560000014957,0.0005760000203736,0.0005479999817907,0.0005740000051446,0.0005740000051446,1
KZ Cash USD,KZC-USD,2023-02-06,0.0005740000051446,0.0005779999773949,0.0005670000100508,0.0005690000252798,0.0005690000252798,1
KZ Cash USD,KZC-USD,2023-02-07,0.0005690000252798,0.0005830000154674,0.000555999984499,0.000557999999728,0.000557999999728,2
KZ Cash USD,KZC-USD,2023-02-08,0.000557999999728,0.0006760000251233,0.0005460000247694,0.0005510000046342,0.0005510000046342,0
KZ Cash USD,KZC-USD,2023-02-09,0.0005510000046342,0.0006430000066757,0.000523000024259,0.0005239999736659,0.0005239999736659,0
KZ Cash USD,KZC-USD,2023-02-10,0.0005239999736659,0.0005269999965094,0.0005169999785721,0.0005200000014156,0.0005200000014156,1
KZ Cash USD,KZC-USD,2023-02-11,0.0005200000014156,0.0005249999812804,0.0005189999938011,0.0005249999812804,0.0005249999812804,1
KZ Cash USD,KZC-USD,2023-02-12,0.0005249999812804,0.0005290000117383,0.0005200000014156,0.000523000024259,0.000523000024259,1
KZ Cash USD,KZC-USD,2023-02-13,0.000523000024259,0.0005249999812804,0.0004949999856762,0.0005130000063218,0.0005130000063218,0
KZ Cash USD,KZC-USD,2023-02-14,0.0005130000063218,0.0005349999992176,0.0005109999910928,0.0005329999839887,0.0005329999839887,0
KZ Cash USD,KZC-USD,2023-02-15,0.0005329999839887,0.0005830000154674,0.0005159999709576,0.0005830000154674,0.0005830000154674,1
KZ Cash USD,KZC-USD,2023-02-16,0.0005830000154674,0.0006029999931342,0.0005660000024363,0.0005670000100508,0.0005670000100508,1
KZ Cash USD,KZC-USD,2023-02-17,0.0005670000100508,0.0005799999926239,0.0005489999894052,0.0005649999948218,0.0005649999948218,4
KZ Cash USD,KZC-USD,2023-02-18,0.0005649999948218,0.0005699999746866,0.0005629999795928,0.0005670000100508,0.0005670000100508,1
KZ Cash USD,KZC-USD,2023-02-19,0.0005670000100508,0.0005770000279881,0.0005440000095404,0.000560000014957,0.000560000014957,0
KZ Cash USD,KZC-USD,2023-02-20,0.000560000014957,0.0005740000051446,0.0005510000046342,0.0005709999823011,0.0005709999823011,1
KZ Cash USD,KZC-USD,2023-02-21,0.0005709999823011,0.0005799999926239,0.0005479999817907,0.0005510000046342,0.0005510000046342,2
KZ Cash USD,KZC-USD,2023-02-22,0.0005510000046342,0.000557999999728,0.0004450000124052,0.000555999984499,0.000555999984499,1
KZ Cash USD,KZC-USD,2023-02-23,0.000555999984499,0.0005649999948218,0.0005450000171549,0.0005510000046342,0.0005510000046342,1
KZ Cash USD,KZC-USD,2023-02-24,0.0005510000046342,0.0005540000274777,0.0005119999987073,0.0005339999916031,0.0005339999916031,0
KZ Cash USD,KZC-USD,2023-02-25,0.0005339999916031,0.0005339999916031,0.0005259999888949,0.0005329999839887,0.0005329999839887,1
KZ Cash USD,KZC-USD,2023-02-26,0.0005329999839887,0.0005440000095404,0.0005310000269673,0.0005419999943114,0.0005419999943114,1
KZ Cash USD,KZC-USD,2023-02-27,0.0005419999943114,0.0005890000029467,0.0005339999916031,0.0005879999953322,0.0005879999953322,1
KZ Cash USD,KZC-USD,2023-02-28,0.0005879999953322,0.0005900000105611,0.0005770000279881,0.0005789999850094,0.0005789999850094,1
KZ Cash USD,KZC-USD,2023-03-01,0.0005789999850094,0.0005970000056549,0.0005590000073425,0.0005910000181756,0.0005910000181756,1
KZ Cash USD,KZC-USD,2023-03-02,0.0005910000181756,0.000592999975197,0.0005349999992176,0.0005399999790824,0.0005399999790824,1
KZ Cash USD,KZC-USD,2023-03-03,0.0005399999790824,0.0005399999790824,0.0005109999910928,0.0005140000139363,0.0005140000139363,1
KZ Cash USD,KZC-USD,2023-03-04,0.0005140000139363,0.0005179999861866,0.0005099999834783,0.0005169999785721,0.0005169999785721,3
KZ Cash USD,KZC-USD,2023-03-05,0.0005169999785721,0.0005210000090301,0.0005140000139363,0.0005159999709576,0.0005159999709576,0
KZ Cash USD,KZC-USD,2023-03-06,0.0005159999709576,0.0005189999938011,0.000361000013072,0.0005150000215508,0.0005150000215508,1
KZ Cash USD,KZC-USD,2023-03-07,0.0005150000215508,0.0005380000220611,0.0005109999910928,0.0005220000166445,0.0005220000166445,3
KZ Cash USD,KZC-USD,2023-03-08,0.0005220000166445,0.0005239999736659,0.0004959999932907,0.0004959999932907,0.0004959999932907,0
KZ Cash USD,KZC-USD,2023-03-09,0.0004959999932907,0.0005009999731555,0.0004649999900721,0.0004680000129155,0.0004680000129155,0
KZ Cash USD,KZC-USD,2023-03-10,0.0004680000129155,0.0004689999914262,0.0004509999998845,0.0004600000102072,0.0004600000102072,1
KZ Cash USD,KZC-USD,2023-03-11,0.0004600000102072,0.0004750000080093,0.0004579999949783,0.0004750000080093,0.0004750000080093,1
KZ Cash USD,KZC-USD,2023-03-12,0.0004740000003948,0.0005089999758638,0.0004710000066552,0.0005089999758638,0.0005089999758638,1
KZ Cash USD,KZC-USD,2023-03-13,0.0005089999758638,0.0005629999795928,0.0005050000036135,0.000555999984499,0.000555999984499,1
KZ Cash USD,KZC-USD,2023-03-14,0.000555999984499,0.0006060000159777,0.0005549999768845,0.0005699999746866,0.0005699999746866,1
KZ Cash USD,KZC-USD,2023-03-15,0.0005699999746866,0.0005789999850094,0.0005540000274777,0.0005610000225715,0.0005610000225715,1
KZ Cash USD,KZC-USD,2023-03-16,0.0005610000225715,0.0005910000181756,0.0005520000122487,0.0005879999953322,0.0005879999953322,8
KZ Cash USD,KZC-USD,2023-03-17,0.0005879999953322,0.0006380000268109,0.0005859999801032,0.0006300000241026,0.0006300000241026,1
KZ Cash USD,KZC-USD,2023-03-18,0.0006300000241026,0.0006789999897591,0.0006169999833218,0.0006200000061653,0.0006200000061653,0
KZ Cash USD,KZC-USD,2023-03-19,0.0006200000061653,0.0006890000076964,0.0006189999985508,0.0006450000219047,0.0006450000219047,1
KZ Cash USD,KZC-USD,2023-03-20,0.0006450000219047,0.0006539999740198,0.0006270000012591,0.0006380000268109,0.0006380000268109,2
KZ Cash USD,KZC-USD,2023-03-21,0.0006380000268109,0.0006530000246129,0.0006319999811239,0.0006479999865405,0.0006479999865405,1
KZ Cash USD,KZC-USD,2023-03-22,0.0006479999865405,0.0006629999843426,0.0006159999757073,0.0006280000088736,0.0006280000088736,1
KZ Cash USD,KZC-USD,2023-03-23,0.0006280000088736,0.0006600000197067,0.0006259999936446,0.0006520000169984,0.0006520000169984,1
KZ Cash USD,KZC-USD,2023-03-24,0.0006520000169984,0.0006530000246129,0.0006239999784156,0.0006319999811239,0.0006319999811239,1
KZ Cash USD,KZC-USD,2023-03-25,0.0006319999811239,0.0006389999762177,0.0006259999936446,0.0006329999887384,0.0006329999887384,0
KZ Cash USD,KZC-USD,2023-03-26,0.0006329999887384,0.0007450000266544,0.0006319999811239,0.0006440000142902,0.0006440000142902,1
KZ Cash USD,KZC-USD,2023-03-27,0.0006440000142902,0.0006450000219047,0.0006130000110715,0.0006249999860301,0.0006249999860301,1
KZ Cash USD,KZC-USD,2023-03-28,0.0006249999860301,0.0007149999728426,0.000614000018686,0.0007149999728426,0.0007149999728426,0
KZ Cash USD,KZC-USD,2023-03-29,0.0007149999728426,0.0007450000266544,0.0006479999865405,0.0006520000169984,0.0006520000169984,1
KZ Cash USD,KZC-USD,2023-03-30,0.0006520000169984,0.0006689999718219,0.0006389999762177,0.0006450000219047,0.0006450000219047,1
KZ Cash USD,KZC-USD,2023-03-31,0.0006450000219047,0.0006580000044777,0.0006360000115819,0.0006549999816343,0.0006549999816343,1
KZ Cash USD,KZC-USD,2023-04-01,0.0006549999816343,0.0006610000273212,0.000651000009384,0.0006539999740198,0.0006539999740198,1
KZ Cash USD,KZC-USD,2023-04-02,0.0006549999816343,0.0006559999892488,0.0006419999990612,0.000648999994155,0.000648999994155,1
KZ Cash USD,KZC-USD,2023-04-03,0.000648999994155,0.0006539999740198,0.0006300000241026,0.0006399999838322,0.0006399999838322,1
KZ Cash USD,KZC-USD,2023-04-04,0.0006399999838322,0.0007169999880716,0.0006370000191964,0.0006479999865405,0.0006479999865405,0
KZ Cash USD,KZC-USD,2023-04-05,0.0006479999865405,0.0006600000197067,0.0006419999990612,0.0006479999865405,0.0006479999865405,1
KZ Cash USD,KZC-USD,2023-04-06,0.0006479999865405,0.0006760000251233,0.0006389999762177,0.0006450000219047,0.0006450000219047,0
KZ Cash USD,KZC-USD,2023-04-07,0.0006450000219047,0.000646999978926,0.0006389999762177,0.0006419999990612,0.0006419999990612,1
KZ Cash USD,KZC-USD,2023-04-08,0.0006419999990612,0.0006520000169984,0.0006409999914467,0.0006430000066757,0.0006430000066757,0
KZ Cash USD,KZC-USD,2023-04-09,0.0006430000066757,0.0006549999816343,0.0006399999838322,0.0006520000169984,0.0006520000169984,1
KZ Cash USD,KZC-USD,2023-04-10,0.0006520000169984,0.0006840000278316,0.000648999994155,0.0006820000126026,0.0006820000126026,1
KZ Cash USD,KZC-USD,2023-04-11,0.0006820000126026,0.0006999999750405,0.0006810000049881,0.0006960000027902,0.0006960000027902,1
KZ Cash USD,KZC-USD,2023-04-12,0.0006960000027902,0.0007120000082068,0.0006859999848529,0.0006929999799467,0.0006929999799467,1
KZ Cash USD,KZC-USD,2023-04-13,0.0006880000000819,0.000722000026144,0.0006880000000819,0.0006990000256337,0.0006990000256337,1
KZ Cash USD,KZC-USD,2023-04-14,0.0006990000256337,0.0007120000082068,0.0006919999723322,0.000700999982655,0.000700999982655,1
KZ Cash USD,KZC-USD,2023-04-15,0.000700999982655,0.0007249999907799,0.0006960000027902,0.0006980000180192,0.0006980000180192,1
KZ Cash USD,KZC-USD,2023-04-16,0.0006980000180192,0.0007149999728426,0.0006719999946653,0.0006970000104047,0.0006970000104047,1
KZ Cash USD,KZC-USD,2023-04-17,0.0006970000104047,0.0007159999804571,0.0006740000098943,0.0006769999745301,0.0006769999745301,1
KZ Cash USD,KZC-USD,2023-04-18,0.0006769999745301,0.0006999999750405,0.0006719999946653,0.0006990000256337,0.0006990000256337,1
KZ Cash USD,KZC-USD,2023-04-19,0.0006990000256337,0.0007099999929778,0.0006600000197067,0.0006629999843426,0.0006629999843426,0
KZ Cash USD,KZC-USD,2023-04-20,0.0006629999843426,0.000668000022415,0.0006459999713115,0.0006500000017695,0.0006500000017695,2
KZ Cash USD,KZC-USD,2023-04-21,0.0006500000017695,0.0006520000169984,0.0006259999936446,0.0006280000088736,0.0006280000088736,1
KZ Cash USD,KZC-USD,2023-04-22,0.0006280000088736,0.0006600000197067,0.0006249999860301,0.0006399999838322,0.0006399999838322,0
KZ Cash USD,KZC-USD,2023-04-23,0.0006399999838322,0.0006399999838322,0.0006300000241026,0.0006350000039674,0.0006350000039674,1
KZ Cash USD,KZC-USD,2023-04-24,0.0006350000039674,0.0006430000066757,0.0006230000290088,0.0006329999887384,0.0006329999887384,1
KZ Cash USD,KZC-USD,2023-04-25,0.0006329999887384,0.0006549999816343,0.0006259999936446,0.000651000009384,0.000651000009384,0
KZ Cash USD,KZC-USD,2023-04-26,0.000651000009384,0.0006880000000819,0.0006319999811239,0.0006530000246129,0.0006530000246129,1
KZ Cash USD,KZC-USD,2023-04-27,0.0006530000246129,0.0006849999772384,0.0006530000246129,0.0006779999821446,0.0006779999821446,1
KZ Cash USD,KZC-USD,2023-04-28,0.0006779999821446,0.0006799999973736,0.0006670000148005,0.0006750000175088,0.0006750000175088,1
KZ Cash USD,KZC-USD,2023-04-29,0.0006750000175088,0.0006929999799467,0.0006699999794363,0.0006730000022798,0.0006730000022798,0
KZ Cash USD,KZC-USD,2023-04-30,0.0006730000022798,0.0006880000000819,0.0006699999794363,0.0006740000098943,0.0006740000098943,1
KZ Cash USD,KZC-USD,2023-05-01,0.0006740000098943,0.0006740000098943,0.0006380000268109,0.0006459999713115,0.0006459999713115,1
KZ Cash USD,KZC-USD,2023-05-02,0.0006459999713115,0.0006760000251233,0.0006430000066757,0.0006590000120922,0.0006590000120922,7
KZ Cash USD,KZC-USD,2023-05-03,0.0006590000120922,0.0006750000175088,0.000648999994155,0.0006670000148005,0.0006670000148005,0
KZ Cash USD,KZC-USD,2023-05-04,0.0006670000148005,0.0006740000098943,0.0006610000273212,0.000663999991957,0.000663999991957,1
KZ Cash USD,KZC-USD,2023-05-05,0.000663999991957,0.0006869999924674,0.000663999991957,0.0006789999897591,0.0006789999897591,1
KZ Cash USD,KZC-USD,2023-05-06,0.0006789999897591,0.0006999999750405,0.0006590000120922,0.0006629999843426,0.0006629999843426,7
KZ Cash USD,KZC-USD,2023-05-07,0.0006629999843426,0.0006649999995715,0.0006280000088736,0.0006280000088736,0.0006280000088736,1
KZ Cash USD,KZC-USD,2023-05-08,0.0006270000012591,0.0006300000241026,0.0006019999855197,0.000609999988228,0.000609999988228,0
KZ Cash USD,KZC-USD,2023-05-09,0.0006089999806135,0.000646999978926,0.0005740000051446,0.0006230000290088,0.0006230000290088,4
KZ Cash USD,KZC-USD,2023-05-10,0.0006230000290088,0.0006259999936446,0.0005810000002384,0.000607999972999,0.000607999972999,2
KZ Cash USD,KZC-USD,2023-05-11,0.000607999972999,0.0006500000017695,0.0005939999828115,0.000648999994155,0.000648999994155,8
KZ Cash USD,KZC-USD,2023-05-12,0.000648999994155,0.0006500000017695,0.0005970000056549,0.0006159999757073,0.0006159999757073,2
KZ Cash USD,KZC-USD,2023-05-13,0.0006159999757073,0.0006200000061653,0.0006150000263005,0.0006169999833218,0.0006169999833218,2
KZ Cash USD,KZC-USD,2023-05-14,0.0006169999833218,0.0006239999784156,0.000614000018686,0.0006200000061653,0.0006200000061653,0
KZ Cash USD,KZC-USD,2023-05-15,0.0006200000061653,0.0006709999870508,0.0006159999757073,0.000646999978926,0.000646999978926,15
KZ Cash USD,KZC-USD,2023-05-16,0.000646999978926,0.0006500000017695,0.0006189999985508,0.0006220000213943,0.0006220000213943,0
KZ Cash USD,KZC-USD,2023-05-17,0.0006220000213943,0.0006479999865405,0.000612000003457,0.0006300000241026,0.0006300000241026,1
KZ Cash USD,KZC-USD,2023-05-18,0.0006300000241026,0.0006309999735094,0.0006089999806135,0.0006169999833218,0.0006169999833218,1
KZ Cash USD,KZC-USD,2023-05-19,0.0006169999833218,0.0006239999784156,0.0005910000181756,0.0005910000181756,0.0005910000181756,1
KZ Cash USD,KZC-USD,2023-05-20,0.0005920000257901,0.0006029999931342,0.0005910000181756,0.0005970000056549,0.0005970000056549,1
KZ Cash USD,KZC-USD,2023-05-21,0.0005970000056549,0.0006169999833218,0.0005900000105611,0.0006150000263005,0.0006150000263005,1
KZ Cash USD,KZC-USD,2023-05-22,0.0006150000263005,0.0006220000213943,0.0006109999958425,0.0006179999909363,0.0006179999909363,1
KZ Cash USD,KZC-USD,2023-05-23,0.0006179999909363,0.0006309999735094,0.0006169999833218,0.0006259999936446,0.0006259999936446,2
KZ Cash USD,KZC-USD,2023-05-24,0.0006259999936446,0.0006450000219047,0.0006019999855197,0.0006060000159777,0.0006060000159777,0
KZ Cash USD,KZC-USD,2023-05-25,0.0006060000159777,0.0006109999958425,0.0005970000056549,0.0006089999806135,0.0006089999806135,1
KZ Cash USD,KZC-USD,2023-05-26,0.0006089999806135,0.0006200000061653,0.0006060000159777,0.0006179999909363,0.0006179999909363,4
KZ Cash USD,KZC-USD,2023-05-27,0.0006179999909363,0.0006450000219047,0.0005409999866969,0.0006179999909363,0.0006179999909363,0
KZ Cash USD,KZC-USD,2023-05-28,0.0006179999909363,0.0006479999865405,0.0006169999833218,0.0006459999713115,0.0006459999713115,0
KZ Cash USD,KZC-USD,2023-05-29,0.0006459999713115,0.0006530000246129,0.0006339999963529,0.0006380000268109,0.0006380000268109,0
KZ Cash USD,KZC-USD,2023-05-30,0.0006380000268109,0.0006440000142902,0.0006339999963529,0.0006370000191964,0.0006370000191964,0
KZ Cash USD,KZC-USD,2023-05-31,0.0006370000191964,0.0006399999838322,0.0005690000252798,0.0005719999899156,0.0005719999899156,0
KZ Cash USD,KZC-USD,2023-06-01,0.0005719999899156,0.0006189999985508,0.000557999999728,0.0006169999833218,0.0006169999833218,0
KZ Cash USD,KZC-USD,2023-06-02,0.0006169999833218,0.0006280000088736,0.0005799999926239,0.0006270000012591,0.0006270000012591,0
KZ Cash USD,KZC-USD,2023-06-03,0.0006270000012591,0.0006280000088736,0.0006210000137798,0.0006230000290088,0.0006230000290088,0
KZ Cash USD,KZC-USD,2023-06-04,0.0006230000290088,0.0006300000241026,0.0006210000137798,0.0006239999784156,0.0006239999784156,0
KZ Cash USD,KZC-USD,2023-06-05,0.0006239999784156,0.0007190000033006,0.0005859999801032,0.000592999975197,0.000592999975197,1
KZ Cash USD,KZC-USD,2023-06-06,0.000592999975197,0.0006270000012591,0.0005859999801032,0.0006259999936446,0.0006259999936446,0
KZ Cash USD,KZC-USD,2023-06-07,0.0006259999936446,0.0006360000115819,0.0005499999970197,0.0006339999963529,0.0006339999963529,3
KZ Cash USD,KZC-USD,2023-06-08,0.0006339999963529,0.0006360000115819,0.0005050000036135,0.0005970000056549,0.0005970000056549,12
KZ Cash USD,KZC-USD,2023-06-09,0.0005970000056549,0.0005980000132694,0.0005489999894052,0.000555999984499,0.000555999984499,1
KZ Cash USD,KZC-USD,2023-06-10,0.000555999984499,0.0005569999921135,0.0005360000068321,0.0005430000019259,0.0005430000019259,1
KZ Cash USD,KZC-USD,2023-06-11,0.0005430000019259,0.0005890000029467,0.000538999971468,0.0005450000171549,0.0005450000171549,0
KZ Cash USD,KZC-USD,2023-06-12,0.0005450000171549,0.0005820000078529,0.0005399999790824,0.0005440000095404,0.0005440000095404,0
KZ Cash USD,KZC-USD,2023-06-13,0.0005440000095404,0.0005610000225715,0.0005409999866969,0.0005440000095404,0.0005440000095404,0
KZ Cash USD,KZC-USD,2023-06-14,0.0005440000095404,0.0005469999741762,0.000523000024259,0.0005280000041238,0.0005280000041238,0
KZ Cash USD,KZC-USD,2023-06-15,0.0005280000041238,0.000538999971468,0.0005220000166445,0.0005370000144466,0.0005370000144466,1
KZ Cash USD,KZC-USD,2023-06-16,0.0005370000144466,0.0005549999768845,0.0005319999763742,0.0005530000198632,0.0005530000198632,0
KZ Cash USD,KZC-USD,2023-06-17,0.0005530000198632,0.0005709999823011,0.0005430000019259,0.0005569999921135,0.0005569999921135,0
KZ Cash USD,KZC-USD,2023-06-18,0.0005569999921135,0.000560000014957,0.0005530000198632,0.0005530000198632,0.0005530000198632,1
KZ Cash USD,KZC-USD,2023-06-19,0.0005540000274777,0.0005789999850094,0.0005530000198632,0.0005629999795928,0.0005629999795928,0
KZ Cash USD,KZC-USD,2023-06-20,0.0005629999795928,0.000594999990426,0.000560000014957,0.000594999990426,0.000594999990426,0
KZ Cash USD,KZC-USD,2023-06-21,0.000594999990426,0.0006590000120922,0.0005939999828115,0.0006309999735094,0.0006309999735094,0
KZ Cash USD,KZC-USD,2023-06-22,0.0006309999735094,0.0008490000036545,0.0006280000088736,0.0006280000088736,0.0006280000088736,3
KZ Cash USD,KZC-USD,2023-06-23,0.0006280000088736,0.0006779999821446,0.0006270000012591,0.0006580000044777,0.0006580000044777,4
KZ Cash USD,KZC-USD,2023-06-24,0.0006580000044777,0.0006699999794363,0.0006399999838322,0.0006419999990612,0.0006419999990612,0
KZ Cash USD,KZC-USD,2023-06-25,0.0006419999990612,0.000651000009384,0.0006380000268109,0.0006399999838322,0.0006399999838322,0
KZ Cash USD,KZC-USD,2023-06-26,0.0006399999838322,0.0006999999750405,0.0006300000241026,0.0006360000115819,0.0006360000115819,0
KZ Cash USD,KZC-USD,2023-06-27,0.0006360000115819,0.0006500000017695,0.0006350000039674,0.0006440000142902,0.0006440000142902,1
KZ Cash USD,KZC-USD,2023-06-28,0.0006440000142902,0.0006610000273212,0.0006300000241026,0.0006319999811239,0.0006319999811239,1
KZ Cash USD,KZC-USD,2023-06-29,0.0006319999811239,0.0006459999713115,0.0006309999735094,0.0006399999838322,0.0006399999838322,1
KZ Cash USD,KZC-USD,2023-06-30,0.0006389999762177,0.0008389999857172,0.0006380000268109,0.0006399999838322,0.0006399999838322,2
KZ Cash USD,KZC-USD,2023-07-01,0.0006399999838322,0.0006939999875612,0.0006370000191964,0.0006730000022798,0.0006730000022798,0
KZ Cash USD,KZC-USD,2023-07-02,0.0006730000022798,0.0006769999745301,0.000666000007186,0.0006740000098943,0.0006740000098943,0
KZ Cash USD,KZC-USD,2023-07-03,0.0006740000098943,0.0006890000076964,0.0006730000022798,0.0006849999772384,0.0006849999772384,0
KZ Cash USD,KZC-USD,2023-07-04,0.0006849999772384,0.000700999982655,0.0006750000175088,0.0006769999745301,0.0006769999745301,0
KZ Cash USD,KZC-USD,2023-07-05,0.0006769999745301,0.0007040000054985,0.0006649999995715,0.0006709999870508,0.0006709999870508,0
KZ Cash USD,KZC-USD,2023-07-06,0.0006709999870508,0.0006910000229254,0.0006590000120922,0.0006590000120922,0.0006590000120922,0
KZ Cash USD,KZC-USD,2023-07-07,0.0006590000120922,0.0007290000212378,0.0006549999816343,0.000668000022415,0.000668000022415,0
KZ Cash USD,KZC-USD,2023-07-08,0.000668000022415,0.0007290000212378,0.0006619999767281,0.000666000007186,0.000666000007186,0
KZ Cash USD,KZC-USD,2023-07-09,0.000666000007186,0.0007089999853633,0.0006619999767281,0.000663999991957,0.000663999991957,0
KZ Cash USD,KZC-USD,2023-07-10,0.000663999991957,0.0006810000049881,0.0006600000197067,0.0006689999718219,0.0006689999718219,1
KZ Cash USD,KZC-USD,2023-07-11,0.0006689999718219,0.0007200000109151,0.000668000022415,0.0006740000098943,0.0006740000098943,0
KZ Cash USD,KZC-USD,2023-07-12,0.0006740000098943,0.0007169999880716,0.000666000007186,0.0006689999718219,0.0006689999718219,0
KZ Cash USD,KZC-USD,2023-07-13,0.0006689999718219,0.0006980000180192,0.000666000007186,0.0006929999799467,0.0006929999799467,0
KZ Cash USD,KZC-USD,2023-07-14,0.0006929999799467,0.0006939999875612,0.0006339999963529,0.0006370000191964,0.0006370000191964,1
KZ Cash USD,KZC-USD,2023-07-15,0.0006370000191964,0.0006380000268109,0.0006360000115819,0.0006370000191964,0.0006370000191964,1
KZ Cash USD,KZC-USD,2023-07-16,0.0006370000191964,0.0006789999897591,0.0006329999887384,0.0006350000039674,0.0006350000039674,0
KZ Cash USD,KZC-USD,2023-07-17,0.0006350000039674,0.0006370000191964,0.0006249999860301,0.0006329999887384,0.0006329999887384,0
KZ Cash USD,KZC-USD,2023-07-18,0.0006329999887384,0.0006350000039674,0.0006239999784156,0.0006270000012591,0.0006270000012591,0
KZ Cash USD,KZC-USD,2023-07-19,0.0006270000012591,0.0006329999887384,0.0006259999936446,0.0006280000088736,0.0006280000088736,1
KZ Cash USD,KZC-USD,2023-07-20,0.0006280000088736,0.0006549999816343,0.0006230000290088,0.0006259999936446,0.0006259999936446,0
KZ Cash USD,KZC-USD,2023-07-21,0.0006259999936446,0.0006309999735094,0.0006249999860301,0.0006280000088736,0.0006280000088736,1
KZ Cash USD,KZC-USD,2023-07-22,0.0006280000088736,0.0006880000000819,0.0006230000290088,0.0006249999860301,0.0006249999860301,0
KZ Cash USD,KZC-USD,2023-07-23,0.0006249999860301,0.0006970000104047,0.0006249999860301,0.0006319999811239,0.0006319999811239,0
KZ Cash USD,KZC-USD,2023-07-24,0.0006319999811239,0.0006319999811239,0.0006089999806135,0.0006130000110715,0.0006130000110715,0
KZ Cash USD,KZC-USD,2023-07-25,0.0006130000110715,0.0006610000273212,0.0006109999958425,0.000614000018686,0.000614000018686,0
KZ Cash USD,KZC-USD,2023-07-26,0.000614000018686,0.0006230000290088,0.0006109999958425,0.0006169999833218,0.0006169999833218,0
KZ Cash USD,KZC-USD,2023-07-27,0.0006169999833218,0.0006210000137798,0.0006109999958425,0.000614000018686,0.000614000018686,4
KZ Cash USD,KZC-USD,2023-07-28,0.000614000018686,0.0006580000044777,0.000612000003457,0.0006159999757073,0.0006159999757073,0
KZ Cash USD,KZC-USD,2023-07-29,0.0006159999757073,0.0006169999833218,0.0006150000263005,0.0006169999833218,0.0006169999833218,1
KZ Cash USD,KZC-USD,2023-07-30,0.0006169999833218,0.0006179999909363,0.0006109999958425,0.0006150000263005,0.0006150000263005,0
KZ Cash USD,KZC-USD,2023-07-31,0.0006150000263005,0.0006239999784156,0.000612000003457,0.000614000018686,0.000614000018686,0
KZ Cash USD,KZC-USD,2023-08-01,0.000614000018686,0.0006869999924674,0.0006040000007487,0.0006220000213943,0.0006220000213943,1
KZ Cash USD,KZC-USD,2023-08-02,0.0006220000213943,0.0006699999794363,0.000609999988228,0.000612000003457,0.000612000003457,0
KZ Cash USD,KZC-USD,2023-08-03,0.000612000003457,0.0006169999833218,0.0006089999806135,0.0006130000110715,0.0006130000110715,1
KZ Cash USD,KZC-USD,2023-08-04,0.0006130000110715,0.0006150000263005,0.0006070000235922,0.0006109999958425,0.0006109999958425,1
KZ Cash USD,KZC-USD,2023-08-05,0.0006109999958425,0.0006590000120922,0.000607999972999,0.000609999988228,0.000609999988228,0
KZ Cash USD,KZC-USD,2023-08-06,0.000609999988228,0.0006840000278316,0.000607999972999,0.000609999988228,0.000609999988228,0
KZ Cash USD,KZC-USD,2023-08-07,0.000609999988228,0.000614000018686,0.0006040000007487,0.0006130000110715,0.0006130000110715,0
KZ Cash USD,KZC-USD,2023-08-08,0.0006130000110715,0.0006319999811239,0.0006109999958425,0.0006249999860301,0.0006249999860301,0
KZ Cash USD,KZC-USD,2023-08-09,0.0006249999860301,0.000707000028342,0.0006179999909363,0.0006210000137798,0.0006210000137798,0
KZ Cash USD,KZC-USD,2023-08-10,0.0006210000137798,0.0006230000290088,0.0006169999833218,0.0006179999909363,0.0006179999909363,0
KZ Cash USD,KZC-USD,2023-08-11,0.0006179999909363,0.0006859999848529,0.0006150000263005,0.0006179999909363,0.0006179999909363,0
KZ Cash USD,KZC-USD,2023-08-12,0.0006179999909363,0.0006189999985508,0.0006169999833218,0.0006179999909363,0.0006179999909363,0
KZ Cash USD,KZC-USD,2023-08-13,0.0006179999909363,0.0006189999985508,0.0005859999801032,0.0005859999801032,0.0005859999801032,12
KZ Cash USD,KZC-USD,2023-08-14,0.0005859999801032,0.0006619999767281,0.0005280000041238,0.0005290000117383,0.0005290000117383,0
KZ Cash USD,KZC-USD,2023-08-15,0.0005290000117383,0.0005300000193528,0.0004379999882075,0.0004379999882075,0.0004379999882075,14
KZ Cash USD,KZC-USD,2023-08-16,0.0004379999882075,0.0004379999882075,0.0004309999931138,0.0004309999931138,0.0004309999931138,1
KZ Cash USD,KZC-USD,2023-08-17,0.0004309999931138,0.0004309999931138,0.0003840000135824,0.0003999999898951,0.0003999999898951,1
KZ Cash USD,KZC-USD,2023-08-18,0.0003999999898951,0.0005140000139363,0.0003859999997075,0.0003910000086762,0.0003910000086762,0
KZ Cash USD,KZC-USD,2023-08-19,0.0003910000086762,0.0005130000063218,0.0003879999858327,0.0003919999871868,0.0003919999871868,0
KZ Cash USD,KZC-USD,2023-08-20,0.0003919999871868,0.0003940000024158,0.0003900000010617,0.0003929999948013,0.0003929999948013,0
KZ Cash USD,KZC-USD,2023-08-21,0.0003929999948013,0.0005150000215508,0.0003889999934472,0.0003919999871868,0.0003919999871868,0
KZ Cash USD,KZC-USD,2023-08-22,0.0003919999871868,0.0005089999758638,0.0003830000059679,0.0003900000010617,0.0003900000010617,0
KZ Cash USD,KZC-USD,2023-08-23,0.0003900000010617,0.0004009999975096,0.000387000007322,0.0003969999961555,0.0003969999961555,1
KZ Cash USD,KZC-USD,2023-08-24,0.0003969999961555,0.0005089999758638,0.0003900000010617,0.0003919999871868,0.0003919999871868,0
KZ Cash USD,KZC-USD,2023-08-25,0.0003919999871868,0.000523000024259,0.0003879999858327,0.0003910000086762,0.0003910000086762,0
KZ Cash USD,KZC-USD,2023-08-26,0.0003910000086762,0.0003910000086762,0.0003380000125616,0.0003659999929368,0.0003659999929368,20
KZ Cash USD,KZC-USD,2023-08-27,0.0003659999929368,0.0004250000056345,0.0003650000144261,0.0003650000144261,0.0003650000144261,0
KZ Cash USD,KZC-USD,2023-08-28,0.0003650000144261,0.0003670000005513,0.0003629999991971,0.0003659999929368,0.0003659999929368,0
KZ Cash USD,KZC-USD,2023-08-29,0.0003659999929368,0.0003919999871868,0.0003629999991971,0.0003879999858327,0.0003879999858327,0
KZ Cash USD,KZC-USD,2023-08-30,0.0003879999858327,0.0003879999858327,0.0003790000046137,0.0003819999983534,0.0003819999983534,1
KZ Cash USD,KZC-USD,2023-08-31,0.0003819999983534,0.0003879999858327,0.0003619999915827,0.0003629999991971,0.0003629999991971,0
KZ Cash USD,KZC-USD,2023-09-01,0.0003629999991971,0.0003900000010617,0.0003560000041034,0.000361000013072,0.000361000013072,0
KZ Cash USD,KZC-USD,2023-09-02,0.000361000013072,0.0003629999991971,0.0003349999897181,0.0003370000049471,0.0003370000049471,8
KZ Cash USD,KZC-USD,2023-09-03,0.0003370000049471,0.0003370000049471,0.0002859999949578,0.0002859999949578,0.0002859999949578,1
KZ Cash USD,KZC-USD,2023-09-04,0.0002859999949578,0.0002870000025723,0.0002830000012181,0.0002840000088326,0.0002840000088326,0
KZ Cash USD,KZC-USD,2023-09-05,0.0002840000088326,0.000304999994114,0.0002830000012181,0.0002990000066347,0.0002990000066347,2
KZ Cash USD,KZC-USD,2023-09-06,0.0002990000066347,0.0003000000142492,0.0002800000074785,0.0002830000012181,0.0002830000012181,1
KZ Cash USD,KZC-USD,2023-09-07,0.0002830000012181,0.0002899999963119,0.0002819999936036,0.0002880000101868,0.0002880000101868,1
KZ Cash USD,KZC-USD,2023-09-08,0.0002889999886974,0.0002899999963119,0.0002830000012181,0.0002849999873433,0.0002849999873433,0
KZ Cash USD,KZC-USD,2023-09-09,0.0002849999873433,0.0002979999990202,0.0002840000088326,0.0002849999873433,0.0002849999873433,0
KZ Cash USD,KZC-USD,2023-09-10,0.0002849999873433,0.0002899999963119,0.0002819999936036,0.0002840000088326,0.0002840000088326,0
KZ Cash USD,KZC-USD,2023-09-11,0.0002840000088326,0.0002849999873433,0.0002749999985098,0.0002770000137388,0.0002770000137388,0
KZ Cash USD,KZC-USD,2023-09-12,0.0002770000137388,0.0002899999963119,0.0002770000137388,0.0002849999873433,0.0002849999873433,0
KZ Cash USD,KZC-USD,2023-09-13,0.0002849999873433,0.0002899999963119,0.0002840000088326,0.0002889999886974,0.0002889999886974,0
KZ Cash USD,KZC-USD,2023-09-14,0.0002886200672946,0.0002940089616458,0.0002880117099266,0.0002933441137429,0.0002933441137429,0
KZ Cash USD,KZC-USD,2023-09-15,0.0003465646004769,0.0003466470516286,0.0002884511195588,0.0002925676235463,0.0002925676235463,0
KZ Cash USD,KZC-USD,2023-09-16,0.0002937273529823,0.000294266937999,0.0002913404896389,0.0002922122657764,0.0002922122657764,0
KZ Cash USD,KZC-USD,2023-09-17,0.0002922392159234,0.0002927541499957,0.000290828407742,0.0002918210811913,0.0002918210811913,0
KZ Cash USD,KZC-USD,2023-09-18,0.0002918708196375,0.0003013551468029,0.0002907363814301,0.0002944439765997,0.0002944439765997,0
KZ Cash USD,KZC-USD,2023-09-19,0.0002946037857327,0.000301827705698,0.0002877009974326,0.0002934716758318,0.0002934716758318,0
KZ Cash USD,KZC-USD,2023-09-20,0.0002933470823336,0.0003000831056851,0.000280631968053,0.0002986819890793,0.0002986819890793,0
KZ Cash USD,KZC-USD,2023-09-21,0.0002983051817864,0.000298657483654,0.0002909224713221,0.0002924333093687,0.0002924333093687,0
KZ Cash USD,KZC-USD,2023-09-24,0.0002924003638327,0.0002925852604676,0.0002922702697105,0.0002922702697105,0.0002922702697105,0
KZ Cash USD,KZC-USD,2023-09-22,0.0002920000115409,0.0002939999976661,0.0002870000025723,0.0002920000115409,0.0002920000115409,0
KZ Cash USD,KZC-USD,2023-09-23,0.0002920000115409,0.0002929999900516,0.0002920000115409,0.0002929999900516,0.0002929999900516,0
KZ Cash USD,KZC-USD,2023-09-25,0.0002887876180466,0.0002903662098105,0.0002864488342311,0.0002892288612201,0.0002892288612201,0
KZ Cash USD,KZC-USD,2023-09-26,0.0002892638731282,0.0002902086416725,0.0002873512275982,0.0002883701527025,0.0002883701527025,0
KZ Cash USD,KZC-USD,2023-09-27,0.0002886818547267,0.0002900488034356,0.0002834871411323,0.000288041861495,0.000288041861495,0
KZ Cash USD,KZC-USD,2023-09-28,0.0002898854727391,0.0002993998059537,0.0002897044178098,0.0002975414099637,0.0002975414099637,12
KZ Cash USD,KZC-USD,2023-09-29,0.0002974752569571,0.0002989128115586,0.0002946997701656,0.0002957416872959,0.0002957416872959,0
KZ Cash USD,KZC-USD,2023-09-30,0.0002959858975373,0.0002978632401209,0.0002914716023951,0.000291474541882,0.000291474541882,0
KZ Cash USD,KZC-USD,2023-10-01,0.0002910867333412,0.000307681155391,0.0002874657802749,0.000307681155391,0.000307681155391,0
KZ Cash USD,KZC-USD,2023-10-02,0.0003079854941461,0.000312829419272,0.0003019587602466,0.0003031914238817,0.0003031914238817,0
KZ Cash USD,KZC-USD,2023-10-03,0.00030304997926577926,0.0003108519013039768,0.00029037537751719356,0.0003006031329277903,0.0003006031329277903,0
